Copy all C programs that need to be tested
 --> Running lvnset1.c <---
baselv="A question"
baselv(42)="One less than 43"
baselv(42,"answer:")="Life, the universe, and everything"

 --> Running lvnset2.c <---
baselv=1
baselv(0)=2
baselv(0,1)=3
baselv(0,1,2)=4
baselv(0,1,2,3)=5
baselv(0,1,2,3,4)=6
baselv(0,1,2,3,4,5)=7
baselv(0,1,2,3,4,5,6)=8
baselv(0,1,2,3,4,5,6,7)=9
baselv(0,1,2,3,4,5,6,7,8)=10
baselv(0,1,2,3,4,5,6,7,8,9)=11
baselv(0,1,2,3,4,5,6,7,8,9,10)=12
baselv(0,1,2,3,4,5,6,7,8,9,10,11)=13
baselv(0,1,2,3,4,5,6,7,8,9,10,11,12)=14
baselv(0,1,2,3,4,5,6,7,8,9,10,11,12,13)=15
baselv(0,1,2,3,4,5,6,7,8,9,10,11,12,13,14)=16
baselv(0,1,2,3,4,5,6,7,8,9,10,11,12,13,14,15)=17
baselv(0,1,2,3,4,5,6,7,8,9,10,11,12,13,14,15,16)=18
baselv(0,1,2,3,4,5,6,7,8,9,10,11,12,13,14,15,16,17)=19
baselv(0,1,2,3,4,5,6,7,8,9,10,11,12,13,14,15,16,17,18)=20
baselv(0,1,2,3,4,5,6,7,8,9,10,11,12,13,14,15,16,17,18,19)=21
baselv(0,1,2,3,4,5,6,7,8,9,10,11,12,13,14,15,16,17,18,19,20)=22
baselv(0,1,2,3,4,5,6,7,8,9,10,11,12,13,14,15,16,17,18,19,20,21)=23
baselv(0,1,2,3,4,5,6,7,8,9,10,11,12,13,14,15,16,17,18,19,20,21,22)=24
baselv(0,1,2,3,4,5,6,7,8,9,10,11,12,13,14,15,16,17,18,19,20,21,22,23)=25
baselv(0,1,2,3,4,5,6,7,8,9,10,11,12,13,14,15,16,17,18,19,20,21,22,23,24)=26
baselv(0,1,2,3,4,5,6,7,8,9,10,11,12,13,14,15,16,17,18,19,20,21,22,23,24,25)=27
baselv(0,1,2,3,4,5,6,7,8,9,10,11,12,13,14,15,16,17,18,19,20,21,22,23,24,25,26)=28
baselv(0,1,2,3,4,5,6,7,8,9,10,11,12,13,14,15,16,17,18,19,20,21,22,23,24,25,26,27)=29
baselv(0,1,2,3,4,5,6,7,8,9,10,11,12,13,14,15,16,17,18,19,20,21,22,23,24,25,26,27,28)=30
baselv(0,1,2,3,4,5,6,7,8,9,10,11,12,13,14,15,16,17,18,19,20,21,22,23,24,25,26,27,28,29)=31
baselv(0,1,2,3,4,5,6,7,8,9,10,11,12,13,14,15,16,17,18,19,20,21,22,23,24,25,26,27,28,29,30)=32
baselv(42)="One less than 43"
baselv(42,"answer:")="Life, the universe, and everything"

