setenv gtm_chset UTF-8
unset echo
Files Created in ##TEST_PATH##:
Using: ##SOURCE_PATH##/mumps -run GDE
mumps.gld
Using: ##SOURCE_PATH##/mupip
mumps.dat

GTM>

-----------------------------------------------------------------
Test case x1
-----------------------------------------------------------------
        1
-----------------------------------------------------------------
Test case x2
-----------------------------------------------------------------
        11111111 11111111 11111111 11111111 11111111 11111111 11111111 11111111 
        11111111 11111111 11111111 11111111 11111111 11111111 11111111 11111111 
        11111111 11111111 11111111 11111111 11111111 11111111 11111111 11111111 
        11111111 11111111 11111111 11111111 11111111 11111111 11111111 11111111 
        11111111 11111111 11111111 11111111 11111111 11111111 11111111 11111111 
        11111111 11111111 11111111 11111111 11111111 11111111 11111111 11111111 
        11111111 11111111 11111111 11111111 11111111 11111111 11111111 11111111 
        11111111 11111111 11111111 11111111 11111111 11111111 11111111 11111111 
        11111111 11111111 11111111 11111111 11111111 11111111 11111111 11111111 
        11111111 11111111 11111111 11111111 11111111 11111111 11111111 11111111 
        11111111 11111111 11111111 11111111 11111111 11111111 11111111 11111111 
        11111111 11111111 11111111 11111111 11111111 11111111 11111111 11111111 
        11111111 11111111 11111111 11111111 11111111 11111111 11111111 11111111 
        11111111 11111111 11111111 11111111 11111111 11111111 11111111 11111111 
-----------------------------------------------------------------
Test case x3
-----------------------------------------------------------------
        1
        1
        0
        1
        1
        1
        1
        1
        0
        1
        1
        1
        1
        1
        1
        1
        1
        1

GTM>
##SOURCE_PATH##/mupip
##SOURCE_PATH##/mupip integ -REG *
No errors detected by integ.
