Files Created in ##TEST_PATH##:
Using: ##SOURCE_PATH##/mumps -run GDE
mumps.gld
Using: ##SOURCE_PATH##/mupip
mumps.dat
# Test : Try with GDE and DSE changes to keysize
Keysize : ##FILTERED##GTM_TEST_DEBUGINFO.*
^ZGBL
Keysize : ##FILTERED##GTM_TEST_DEBUGINFO.*
^ZGBL
Keysize : ##FILTERED##GTM_TEST_DEBUGINFO.*
^ZGBL
Keysize : ##FILTERED##GTM_TEST_DEBUGINFO.*
^ZGBL(1,$C(0,2)_"."_$C(0,0,0,0,0,0,0,2),2,".."_$C(0,0,0,0,0,0,3)_"lost+found",3,-123456789.123456789,3,$C(0,0,0)_" var"_$C(0,0,0,0,0,0),4,"@tmp"_$C(0,0,0,0,0)_"@home",1234567899.87654321,5,"usr"_$C(0,0,0,0,0,9)_"lib"_$C(0,0,0,0,0,0),6,"usr"_$C(0,0,0,0,0,9)_"lib"_$C(0,0,0,0,0,0),987654321.987654321,7,-987654321.123456789,8,$C(1,0,2,1,0,2,1,0,2,1,0,2,1,0,2,1,0,2,1,0,2,1,0,2,1,0,2,1,0,2,1,0,2,1,0,2,1,0,2,1,0,2,1,0,2,1,0,2,1,0,2,1,0,2,1,0,2,1,0,2,1,0,2,1,0,2,1,0,2,1,0,2,1,0,2,1,0,2,1,0,2,1,0,2,1,0,2,1,0,2,1,0,2,1,0,2,1,0,2,1,0,2,1,0,2,1,0,2,1,0,2,1,0,2,1,0,2,1,0,2,1,0,2,1,0,2,1,0,2,1,0,2,1,0,2,1,0,2,1,0,2,1,0,2,1,0,2,1,0,2,1,0,2,1,0,2,1,0,2,1,0,2,1,0,2,1,0,2,1,0,2,1,0,2,1,0,2,1,0,2,1,0,2,1,0,2,1,0,2,1,0,2,1,0,2,1,0,2,1,0,2,1,0,2,1,0,2,1,0,2,1,0,2,1,0,2,1,0,2,1,0,2,1,0,2,1,0,2,1,0,2,1,0,2,1,0,2,1,0,2,1,0,2,1,0,2,1,0,2,1,0,2,1,0,2,1)_$C(0,2,1,0,2,1,0,2,1,0,2,1,0,2,1,0,2,1,0,2,1,0,2,1,0,2,1,0,2,1,0,2,1,0,2,1,0,2,1,0,2,1,0,2,1,0,2,1,0,2,1,0,2,1,0,2,1,0,2,1,0,2,1,0,2,1,0,2,1,0,2,1,0,2,1,0,2,1,0,2,1,0,2,1,0,2,1,0,2,1,0,2,1,0,2,1,0,2,1,0,2,1,0,2,1,0,2,1,0,2,1,0,2,1,0,2,1,0,2,1,0,2,1,0,2)_"1",9,"usr"_$C(0,0,0,0,0,9)_"lib"_$C(0,0,0,0,0,0),10,"nconfigassist.l"_$C(0,8),"         11","@tmp"_$C(0,0,0,0,0)_"@home",12,$C(0,0,0)_" var"_$C(0,0,0,0,0,0),13,".."_$C(0,0,0,0,0,0,3)_"lost+found")
Keysize : ##FILTERED##GTM_TEST_DEBUGINFO.*
^ZGBL(1,$C(0,2)_"."_$C(0,0,0,0,0,0,0,2),2,".."_$C(0,0,0,0,0,0,3)_"lost+found",3,-123456789.123456789,3,$C(0,0,0)_" var"_$C(0,0,0,0,0,0),4,"@tmp"_$C(0,0,0,0,0)_"@home",1234567899.87654321,5,"usr"_$C(0,0,0,0,0,9)_"lib"_$C(0,0,0,0,0,0),6,"usr"_$C(0,0,0,0,0,9)_"lib"_$C(0,0,0,0,0,0),987654321.987654321,7,-987654321.123456789,8,$C(1,0,2,1,0,2,1,0,2,1,0,2,1,0,2,1,0,2,1,0,2,1,0,2,1,0,2,1,0,2,1,0,2,1,0,2,1,0,2,1,0,2,1,0,2,1,0,2,1,0,2,1,0,2,1,0,2,1,0,2,1,0,2,1,0,2,1,0,2,1,0,2,1,0,2,1,0,2,1,0,2,1,0,2,1,0,2,1,0,2,1,0,2,1,0,2,1,0,2,1,0,2,1,0,2,1,0,2,1,0,2,1,0,2,1,0,2,1,0,2,1,0,2,1,0,2,1,0,2,1,0,2,1,0,2,1,0,2,1,0,2,1,0,2,1,0,2,1,0,2,1,0,2,1,0,2,1,0,2,1,0,2,1,0,2,1,0,2,1,0,2,1,0,2,1,0,2,1,0,2,1,0,2,1,0,2,1,0,2,1,0,2,1,0,2,1,0,2,1,0,2,1,0,2,1,0,2,1,0,2,1,0,2,1,0,2,1,0,2,1,0,2,1,0,2,1,0,2,1,0,2,1,0,2,1,0,2,1,0,2,1,0,2,1,0,2,1,0,2,1,0,2,1,0,2,1)_$C(0,2,1,0,2,1,0,2,1,0,2,1,0,2,1,0,2,1,0,2,1,0,2,1,0,2,1,0,2,1,0,2,1,0,2,1,0,2,1,0,2,1,0,2,1,0,2,1,0,2,1,0,2,1,0,2,1,0,2,1,0,2,1,0,2,1,0,2,1,0,2,1,0,2,1,0,2,1,0,2,1,0,2,1,0,2,1,0,2,1,0,2,1,0,2,1,0,2,1,0,2,1,0,2,1,0,2,1,0,2,1,0,2,1,0,2,1,0,2,1,0,2,1,0,2)_"1",9,"usr"_$C(0,0,0,0,0,9)_"lib"_$C(0,0,0,0,0,0),10,"nconfigassist.l"_$C(0,8),"         11","@tmp"_$C(0,0,0,0,0)_"@home",12,$C(0,0,0)_" var"_$C(0,0,0,0,0,0),13,".."_$C(0,0,0,0,0,0,3)_"lost+found")
Keysize : ##FILTERED##GTM_TEST_DEBUGINFO.*
^ZGBL(1,$C(0,2)_"."_$C(0,0,0,0,0,0,0,2),2,".."_$C(0,0,0,0,0,0,3)_"lost+found",3,-123456789.123456789,3,$C(0,0,0)_" var"_$C(0,0,0,0,0,0),4,"@tmp"_$C(0,0,0,0,0)_"@home",1234567899.87654321,5,"usr"_$C(0,0,0,0,0,9)_"lib"_$C(0,0,0,0,0,0),6,"usr"_$C(0,0,0,0,0,9)_"lib"_$C(0,0,0,0,0,0),987654321.987654321,7,-987654321.123456789,8,$C(1,0,2,1,0,2,1,0,2,1,0,2,1,0,2,1,0,2,1,0,2,1,0,2,1,0,2,1,0,2,1,0,2,1,0,2,1,0,2,1,0,2,1,0,2,1,0,2,1,0,2,1,0,2,1,0,2,1,0,2,1,0,2,1,0,2,1,0,2,1,0,2,1,0,2,1,0,2,1,0,2,1,0,2,1,0,2,1,0,2,1,0,2,1,0,2,1,0,2,1,0,2,1,0,2,1,0,2,1,0,2,1,0,2,1,0,2,1,0,2,1,0,2,1,0,2,1,0,2,1,0,2,1,0,2,1,0,2,1,0,2,1,0,2,1,0,2,1,0,2,1,0,2,1,0,2,1,0,2,1,0,2,1,0,2,1,0,2,1,0,2,1,0,2,1,0,2,1,0,2,1,0,2,1,0,2,1,0,2,1,0,2,1,0,2,1,0,2,1,0,2,1,0,2,1,0,2,1,0,2,1,0,2,1,0,2,1,0,2,1,0,2,1,0,2,1,0,2,1,0,2,1,0,2,1,0,2,1,0,2,1,0,2,1,0,2,1,0,2,1,0,2,1,0,2,1)_$C(0,2,1,0,2,1,0,2,1,0,2,1,0,2,1,0,2,1,0,2,1,0,2,1,0,2,1,0,2,1,0,2,1,0,2,1,0,2,1,0,2,1,0,2,1,0,2,1,0,2,1,0,2,1,0,2,1,0,2,1,0,2,1,0,2,1,0,2,1,0,2,1,0,2,1,0,2,1,0,2,1,0,2,1,0,2,1,0,2,1,0,2,1,0,2,1,0,2,1,0,2,1,0,2,1,0,2,1,0,2,1,0,2,1,0,2,1,0,2,1,0,2,1,0,2)_"1",9,"usr"_$C(0,0,0,0,0,9)_"lib"_$C(0,0,0,0,0,0),10,"nconfigassist.l"_$C(0,8),"         11","@tmp"_$C(0,0,0,0,0)_"@home",12,$C(0,0,0)_" var"_$C(0,0,0,0,0,0),13,".."_$C(0,0,0,0,0,0,3)_"lost+found")
Keysize : ##FILTERED##GTM_TEST_DEBUGINFO.*
^ZGBL(1,$C(0,2)_"."_$C(0,0,0,0,0,0,0,2),2,".."_$C(0,0,0,0,0,0,3)_"lost+found",3,-123456789.123456789,3,$C(0,0,0)_" var"_$C(0,0,0,0,0,0),4,"@tmp"_$C(0,0,0,0,0)_"@home",1234567899.87654321,5,"usr"_$C(0,0,0,0,0,9)_"lib"_$C(0,0,0,0,0,0),6,"usr"_$C(0,0,0,0,0,9)_"lib"_$C(0,0,0,0,0,0),987654321.987654321,7,-987654321.123456789,8,$C(1,0,2,1,0,2,1,0,2,1,0,2,1,0,2,1,0,2,1,0,2,1,0,2,1,0,2,1,0,2,1,0,2,1,0,2,1,0,2,1,0,2,1,0,2,1,0,2,1,0,2,1,0,2,1,0,2,1,0,2,1,0,2,1,0,2,1,0,2,1,0,2,1,0,2,1,0,2,1,0,2,1,0,2,1,0,2,1,0,2,1,0,2,1,0,2,1,0,2,1,0,2,1,0,2,1,0,2,1,0,2,1,0,2,1,0,2,1,0,2,1,0,2,1,0,2,1,0,2,1,0,2,1,0,2,1,0,2,1,0,2,1,0,2,1,0,2,1,0,2,1,0,2,1,0,2,1,0,2,1,0,2,1,0,2,1,0,2,1,0,2,1,0,2,1,0,2,1,0,2,1,0,2,1,0,2,1,0,2,1,0,2,1,0,2,1,0,2,1,0,2,1,0,2,1,0,2,1,0,2,1,0,2,1,0,2,1,0,2,1,0,2,1,0,2,1,0,2,1,0,2,1,0,2,1,0,2,1,0,2,1,0,2,1,0,2,1,0,2,1,0,2,1,0,2,1)_$C(0,2,1,0,2,1,0,2,1,0,2,1,0,2,1,0,2,1,0,2,1,0,2,1,0,2,1,0,2,1,0,2,1,0,2,1,0,2,1,0,2,1,0,2,1,0,2,1,0,2,1,0,2,1,0,2,1,0,2,1,0,2,1,0,2,1,0,2,1,0,2,1,0,2,1,0,2,1,0,2,1,0,2,1,0,2,1,0,2,1,0,2,1,0,2,1,0,2,1,0,2,1,0,2,1,0,2,1,0,2,1,0,2,1,0,2,1,0,2,1,0,2,1,0,2)_"1",9,"usr"_$C(0,0,0,0,0,9)_"lib"_$C(0,0,0,0,0,0),10,"nconfigassist.l"_$C(0,8),"         11","@tmp"_$C(0,0,0,0,0)_"@home",12,$C(0,0,0)_" var"_$C(0,0,0,0,0,0),13,".."_$C(0,0,0,0,0,0,3)_"lost+found")
Keysize : ##FILTERED##GTM_TEST_DEBUGINFO.*
^ZGBL(1,$C(0,2)_"."_$C(0,0,0,0,0,0,0,2),2,".."_$C(0,0,0,0,0,0,3)_"lost+found",3,-123456789.123456789,3,$C(0,0,0)_" var"_$C(0,0,0,0,0,0),4,"@tmp"_$C(0,0,0,0,0)_"@home",1234567899.87654321,5,"usr"_$C(0,0,0,0,0,9)_"lib"_$C(0,0,0,0,0,0),6,"usr"_$C(0,0,0,0,0,9)_"lib"_$C(0,0,0,0,0,0),987654321.987654321,7,-987654321.123456789,8,$C(1,0,2,1,0,2,1,0,2,1,0,2,1,0,2,1,0,2,1,0,2,1,0,2,1,0,2,1,0,2,1,0,2,1,0,2,1,0,2,1,0,2,1,0,2,1,0,2,1,0,2,1,0,2,1,0,2,1,0,2,1,0,2,1,0,2,1,0,2,1,0,2,1,0,2,1,0,2,1,0,2,1,0,2,1,0,2,1,0,2,1,0,2,1,0,2,1,0,2,1,0,2,1,0,2,1,0,2,1,0,2,1,0,2,1,0,2,1,0,2,1,0,2,1,0,2,1,0,2,1,0,2,1,0,2,1,0,2,1,0,2,1,0,2,1,0,2,1,0,2,1,0,2,1,0,2,1,0,2,1,0,2,1,0,2,1,0,2,1,0,2,1,0,2,1,0,2,1,0,2,1,0,2,1,0,2,1,0,2,1,0,2,1,0,2,1,0,2,1,0,2,1,0,2,1,0,2,1,0,2,1,0,2,1,0,2,1,0,2,1,0,2,1,0,2,1,0,2,1,0,2,1,0,2,1,0,2,1,0,2,1,0,2,1,0,2,1,0,2,1,0,2,1,0,2,1)_$C(0,2,1,0,2,1,0,2,1,0,2,1,0,2,1,0,2,1,0,2,1,0,2,1,0,2,1,0,2,1,0,2,1,0,2,1,0,2,1,0,2,1,0,2,1,0,2,1,0,2,1,0,2,1,0,2,1,0,2,1,0,2,1,0,2,1,0,2,1,0,2,1,0,2,1,0,2,1,0,2,1,0,2,1,0,2,1,0,2,1,0,2,1,0,2,1,0,2,1,0,2,1,0,2,1,0,2,1,0,2,1,0,2,1,0,2,1,0,2,1,0,2,1,0,2)_"1",9,"usr"_$C(0,0,0,0,0,9)_"lib"_$C(0,0,0,0,0,0),10,"nconfigassist.l"_$C(0,8),"         11","@tmp"_$C(0,0,0,0,0)_"@home",12,$C(0,0,0)_" var"_$C(0,0,0,0,0,0),13,".."_$C(0,0,0,0,0,0,3)_"lost+found")
Keysize : ##FILTERED##GTM_TEST_DEBUGINFO.*
^ZGBL(1,$C(0,2)_"."_$C(0,0,0,0,0,0,0,2),2,".."_$C(0,0,0,0,0,0,3)_"lost+found",3,-123456789.123456789,3,$C(0,0,0)_" var"_$C(0,0,0,0,0,0),4,"@tmp"_$C(0,0,0,0,0)_"@home",1234567899.87654321,5,"usr"_$C(0,0,0,0,0,9)_"lib"_$C(0,0,0,0,0,0),6,"usr"_$C(0,0,0,0,0,9)_"lib"_$C(0,0,0,0,0,0),987654321.987654321,7,-987654321.123456789,8,$C(1,0,2,1,0,2,1,0,2,1,0,2,1,0,2,1,0,2,1,0,2,1,0,2,1,0,2,1,0,2,1,0,2,1,0,2,1,0,2,1,0,2,1,0,2,1,0,2,1,0,2,1,0,2,1,0,2,1,0,2,1,0,2,1,0,2,1,0,2,1,0,2,1,0,2,1,0,2,1,0,2,1,0,2,1,0,2,1,0,2,1,0,2,1,0,2,1,0,2,1,0,2,1,0,2,1,0,2,1,0,2,1,0,2,1,0,2,1,0,2,1,0,2,1,0,2,1,0,2,1,0,2,1,0,2,1,0,2,1,0,2,1,0,2,1,0,2,1,0,2,1,0,2,1,0,2,1,0,2,1,0,2,1,0,2,1,0,2,1,0,2,1,0,2,1,0,2,1,0,2,1,0,2,1,0,2,1,0,2,1,0,2,1,0,2,1,0,2,1,0,2,1,0,2,1,0,2,1,0,2,1,0,2,1,0,2,1,0,2,1,0,2,1,0,2,1,0,2,1,0,2,1,0,2,1,0,2,1,0,2,1,0,2,1,0,2,1,0,2,1,0,2,1,0,2,1)_$C(0,2,1,0,2,1,0,2,1,0,2,1,0,2,1,0,2,1,0,2,1,0,2,1,0,2,1,0,2,1,0,2,1,0,2,1,0,2,1,0,2,1,0,2,1,0,2,1,0,2,1,0,2,1,0,2,1,0,2,1,0,2,1,0,2,1,0,2,1,0,2,1,0,2,1,0,2,1,0,2,1,0,2,1,0,2,1,0,2,1,0,2,1,0,2,1,0,2,1,0,2,1,0,2,1,0,2,1,0,2,1,0,2,1,0,2,1,0,2,1,0,2,1,0,2)_"1",9,"usr"_$C(0,0,0,0,0,9)_"lib"_$C(0,0,0,0,0,0),10,"nconfigassist.l"_$C(0,8),"         11","@tmp"_$C(0,0,0,0,0)_"@home",12,$C(0,0,0)_" var"_$C(0,0,0,0,0,0),13,".."_$C(0,0,0,0,0,0,3)_"lost+found")
Keysize : ##FILTERED##GTM_TEST_DEBUGINFO.*
^ZGBL(1,$C(0,2)_"."_$C(0,0,0,0,0,0,0,2),2,".."_$C(0,0,0,0,0,0,3)_"lost+found",3,-123456789.123456789,3,$C(0,0,0)_" var"_$C(0,0,0,0,0,0),4,"@tmp"_$C(0,0,0,0,0)_"@home",1234567899.87654321,5,"usr"_$C(0,0,0,0,0,9)_"lib"_$C(0,0,0,0,0,0),6,"usr"_$C(0,0,0,0,0,9)_"lib"_$C(0,0,0,0,0,0),987654321.987654321,7,-987654321.123456789,8,$C(1,0,2,1,0,2,1,0,2,1,0,2,1,0,2,1,0,2,1,0,2,1,0,2,1,0,2,1,0,2,1,0,2,1,0,2,1,0,2,1,0,2,1,0,2,1,0,2,1,0,2,1,0,2,1,0,2,1,0,2,1,0,2,1,0,2,1,0,2,1,0,2,1,0,2,1,0,2,1,0,2,1,0,2,1,0,2,1,0,2,1,0,2,1,0,2,1,0,2,1,0,2,1,0,2,1,0,2,1,0,2,1,0,2,1,0,2,1,0,2,1,0,2,1,0,2,1,0,2,1,0,2,1,0,2,1,0,2,1,0,2,1,0,2,1,0,2,1,0,2,1,0,2,1,0,2,1,0,2,1,0,2,1,0,2,1,0,2,1,0,2,1,0,2,1,0,2,1,0,2,1,0,2,1,0,2,1,0,2,1,0,2,1,0,2,1,0,2,1,0,2,1,0,2,1,0,2,1,0,2,1,0,2,1,0,2,1,0,2,1,0,2,1,0,2,1,0,2,1,0,2,1,0,2,1,0,2,1,0,2,1,0,2,1,0,2,1,0,2,1,0,2,1,0,2,1)_$C(0,2,1,0,2,1,0,2,1,0,2,1,0,2,1,0,2,1,0,2,1,0,2,1,0,2,1,0,2,1,0,2,1,0,2,1,0,2,1,0,2,1,0,2,1,0,2,1,0,2,1,0,2,1,0,2,1,0,2,1,0,2,1,0,2,1,0,2,1,0,2,1,0,2,1,0,2,1,0,2,1,0,2,1,0,2,1,0,2,1,0,2,1,0,2,1,0,2,1,0,2,1,0,2,1,0,2,1,0,2,1,0,2,1,0,2,1,0,2,1,0,2,1,0,2)_"1",9,"usr"_$C(0,0,0,0,0,9)_"lib"_$C(0,0,0,0,0,0),10,"nconfigassist.l"_$C(0,8),"         11","@tmp"_$C(0,0,0,0,0)_"@home",12,$C(0,0,0)_" var"_$C(0,0,0,0,0,0),13,".."_$C(0,0,0,0,0,0,3)_"lost+found")
Keysize : ##FILTERED##GTM_TEST_DEBUGINFO.*
^ZGBL(1,$C(0,2)_"."_$C(0,0,0,0,0,0,0,2),2,".."_$C(0,0,0,0,0,0,3)_"lost+found",3,-123456789.123456789,3,$C(0,0,0)_" var"_$C(0,0,0,0,0,0),4,"@tmp"_$C(0,0,0,0,0)_"@home",1234567899.87654321,5,"usr"_$C(0,0,0,0,0,9)_"lib"_$C(0,0,0,0,0,0),6,"usr"_$C(0,0,0,0,0,9)_"lib"_$C(0,0,0,0,0,0),987654321.987654321,7,-987654321.123456789,8,$C(1,0,2,1,0,2,1,0,2,1,0,2,1,0,2,1,0,2,1,0,2,1,0,2,1,0,2,1,0,2,1,0,2,1,0,2,1,0,2,1,0,2,1,0,2,1,0,2,1,0,2,1,0,2,1,0,2,1,0,2,1,0,2,1,0,2,1,0,2,1,0,2,1,0,2,1,0,2,1,0,2,1,0,2,1,0,2,1,0,2,1,0,2,1,0,2,1,0,2,1,0,2,1,0,2,1,0,2,1,0,2,1,0,2,1,0,2,1,0,2,1,0,2,1,0,2,1,0,2,1,0,2,1,0,2,1,0,2,1,0,2,1,0,2,1,0,2,1,0,2,1,0,2,1,0,2,1,0,2,1,0,2,1,0,2,1,0,2,1,0,2,1,0,2,1,0,2,1,0,2,1,0,2,1,0,2,1,0,2,1,0,2,1,0,2,1,0,2,1,0,2,1,0,2,1,0,2,1,0,2,1,0,2,1,0,2,1,0,2,1,0,2,1,0,2,1,0,2,1,0,2,1,0,2,1,0,2,1,0,2,1,0,2,1,0,2,1,0,2,1,0,2,1,0,2,1)_$C(0,2,1,0,2,1,0,2,1,0,2,1,0,2,1,0,2,1,0,2,1,0,2,1,0,2,1,0,2,1,0,2,1,0,2,1,0,2,1,0,2,1,0,2,1,0,2,1,0,2,1,0,2,1,0,2,1,0,2,1,0,2,1,0,2,1,0,2,1,0,2,1,0,2,1,0,2,1,0,2,1,0,2,1,0,2,1,0,2,1,0,2,1,0,2,1,0,2,1,0,2,1,0,2,1,0,2,1,0,2,1,0,2,1,0,2,1,0,2,1,0,2,1,0,2)_"1",9,"usr"_$C(0,0,0,0,0,9)_"lib"_$C(0,0,0,0,0,0),10,"nconfigassist.l"_$C(0,8),"         11","@tmp"_$C(0,0,0,0,0)_"@home",12,$C(0,0,0)_" var"_$C(0,0,0,0,0,0),13,".."_$C(0,0,0,0,0,0,3)_"lost+found")
Keysize : ##FILTERED##GTM_TEST_DEBUGINFO.*
^ZGBL(1,$C(0,2)_"."_$C(0,0,0,0,0,0,0,2),2,".."_$C(0,0,0,0,0,0,3)_"lost+found",3,-123456789.123456789,3,$C(0,0,0)_" var"_$C(0,0,0,0,0,0),4,"@tmp"_$C(0,0,0,0,0)_"@home",1234567899.87654321,5,"usr"_$C(0,0,0,0,0,9)_"lib"_$C(0,0,0,0,0,0),6,"usr"_$C(0,0,0,0,0,9)_"lib"_$C(0,0,0,0,0,0),987654321.987654321,7,-987654321.123456789,8,$C(1,0,2,1,0,2,1,0,2,1,0,2,1,0,2,1,0,2,1,0,2,1,0,2,1,0,2,1,0,2,1,0,2,1,0,2,1,0,2,1,0,2,1,0,2,1,0,2,1,0,2,1,0,2,1,0,2,1,0,2,1,0,2,1,0,2,1,0,2,1,0,2,1,0,2,1,0,2,1,0,2,1,0,2,1,0,2,1,0,2,1,0,2,1,0,2,1,0,2,1,0,2,1,0,2,1,0,2,1,0,2,1,0,2,1,0,2,1,0,2,1,0,2,1,0,2,1,0,2,1,0,2,1,0,2,1,0,2,1,0,2,1,0,2,1,0,2,1,0,2,1,0,2,1,0,2,1,0,2,1,0,2,1,0,2,1,0,2,1,0,2,1,0,2,1,0,2,1,0,2,1,0,2,1,0,2,1,0,2,1,0,2,1,0,2,1,0,2,1,0,2,1,0,2,1,0,2,1,0,2,1,0,2,1,0,2,1,0,2,1,0,2,1,0,2,1,0,2,1,0,2,1,0,2,1,0,2,1,0,2,1,0,2,1,0,2,1,0,2,1,0,2,1,0,2,1)_$C(0,2,1,0,2,1,0,2,1,0,2,1,0,2,1,0,2,1,0,2,1,0,2,1,0,2,1,0,2,1,0,2,1,0,2,1,0,2,1,0,2,1,0,2,1,0,2,1,0,2,1,0,2,1,0,2,1,0,2,1,0,2,1,0,2,1,0,2,1,0,2,1,0,2,1,0,2,1,0,2,1,0,2,1,0,2,1,0,2,1,0,2,1,0,2,1,0,2,1,0,2,1,0,2,1,0,2,1,0,2,1,0,2,1,0,2,1,0,2,1,0,2,1,0,2)_"1",9,"usr"_$C(0,0,0,0,0,9)_"lib"_$C(0,0,0,0,0,0),10,"nconfigassist.l"_$C(0,8),"         11","@tmp"_$C(0,0,0,0,0)_"@home",12,$C(0,0,0)_" var"_$C(0,0,0,0,0,0),13,".."_$C(0,0,0,0,0,0,3)_"lost+found")
Keysize : ##FILTERED##GTM_TEST_DEBUGINFO.*
^ZGBL(1,$C(0,2)_"."_$C(0,0,0,0,0,0,0,2),2,".."_$C(0,0,0,0,0,0,3)_"lost+found",3,-123456789.123456789,3,$C(0,0,0)_" var"_$C(0,0,0,0,0,0),4,"@tmp"_$C(0,0,0,0,0)_"@home",1234567899.87654321,5,"usr"_$C(0,0,0,0,0,9)_"lib"_$C(0,0,0,0,0,0),6,"usr"_$C(0,0,0,0,0,9)_"lib"_$C(0,0,0,0,0,0),987654321.987654321,7,-987654321.123456789,8,$C(1,0,2,1,0,2,1,0,2,1,0,2,1,0,2,1,0,2,1,0,2,1,0,2,1,0,2,1,0,2,1,0,2,1,0,2,1,0,2,1,0,2,1,0,2,1,0,2,1,0,2,1,0,2,1,0,2,1,0,2,1,0,2,1,0,2,1,0,2,1,0,2,1,0,2,1,0,2,1,0,2,1,0,2,1,0,2,1,0,2,1,0,2,1,0,2,1,0,2,1,0,2,1,0,2,1,0,2,1,0,2,1,0,2,1,0,2,1,0,2,1,0,2,1,0,2,1,0,2,1,0,2,1,0,2,1,0,2,1,0,2,1,0,2,1,0,2,1,0,2,1,0,2,1,0,2,1,0,2,1,0,2,1,0,2,1,0,2,1,0,2,1,0,2,1,0,2,1,0,2,1,0,2,1,0,2,1,0,2,1,0,2,1,0,2,1,0,2,1,0,2,1,0,2,1,0,2,1,0,2,1,0,2,1,0,2,1,0,2,1,0,2,1,0,2,1,0,2,1,0,2,1,0,2,1,0,2,1,0,2,1,0,2,1,0,2,1,0,2,1,0,2,1,0,2,1)_$C(0,2,1,0,2,1,0,2,1,0,2,1,0,2,1,0,2,1,0,2,1,0,2,1,0,2,1,0,2,1,0,2,1,0,2,1,0,2,1,0,2,1,0,2,1,0,2,1,0,2,1,0,2,1,0,2,1,0,2,1,0,2,1,0,2,1,0,2,1,0,2,1,0,2,1,0,2,1,0,2,1,0,2,1,0,2,1,0,2,1,0,2,1,0,2,1,0,2,1,0,2,1,0,2,1,0,2,1,0,2,1,0,2,1,0,2,1,0,2,1,0,2,1,0,2)_"1",9,"usr"_$C(0,0,0,0,0,9)_"lib"_$C(0,0,0,0,0,0),10,"nconfigassist.l"_$C(0,8),"         11","@tmp"_$C(0,0,0,0,0)_"@home",12,$C(0,0,0)_" var"_$C(0,0,0,0,0,0),13,".."_$C(0,0,0,0,0,0,3)_"lost+found")
Keysize : ##FILTERED##GTM_TEST_DEBUGINFO.*
^ZGBL(1,$C(0,2)_"."_$C(0,0,0,0,0,0,0,2),2,".."_$C(0,0,0,0,0,0,3)_"lost+found",3,-123456789.123456789,3,$C(0,0,0)_" var"_$C(0,0,0,0,0,0),4,"@tmp"_$C(0,0,0,0,0)_"@home",1234567899.87654321,5,"usr"_$C(0,0,0,0,0,9)_"lib"_$C(0,0,0,0,0,0),6,"usr"_$C(0,0,0,0,0,9)_"lib"_$C(0,0,0,0,0,0),987654321.987654321,7,-987654321.123456789,8,$C(1,0,2,1,0,2,1,0,2,1,0,2,1,0,2,1,0,2,1,0,2,1,0,2,1,0,2,1,0,2,1,0,2,1,0,2,1,0,2,1,0,2,1,0,2,1,0,2,1,0,2,1,0,2,1,0,2,1,0,2,1,0,2,1,0,2,1,0,2,1,0,2,1,0,2,1,0,2,1,0,2,1,0,2,1,0,2,1,0,2,1,0,2,1,0,2,1,0,2,1,0,2,1,0,2,1,0,2,1,0,2,1,0,2,1,0,2,1,0,2,1,0,2,1,0,2,1,0,2,1,0,2,1,0,2,1,0,2,1,0,2,1,0,2,1,0,2,1,0,2,1,0,2,1,0,2,1,0,2,1,0,2,1,0,2,1,0,2,1,0,2,1,0,2,1,0,2,1,0,2,1,0,2,1,0,2,1,0,2,1,0,2,1,0,2,1,0,2,1,0,2,1,0,2,1,0,2,1,0,2,1,0,2,1,0,2,1,0,2,1,0,2,1,0,2,1,0,2,1,0,2,1,0,2,1,0,2,1,0,2,1,0,2,1,0,2,1,0,2,1,0,2,1,0,2,1)_$C(0,2,1,0,2,1,0,2,1,0,2,1,0,2,1,0,2,1,0,2,1,0,2,1,0,2,1,0,2,1,0,2,1,0,2,1,0,2,1,0,2,1,0,2,1,0,2,1,0,2,1,0,2,1,0,2,1,0,2,1,0,2,1,0,2,1,0,2,1,0,2,1,0,2,1,0,2,1,0,2,1,0,2,1,0,2,1,0,2,1,0,2,1,0,2,1,0,2,1,0,2,1,0,2,1,0,2,1,0,2,1,0,2,1,0,2,1,0,2,1,0,2,1,0,2)_"1",9,"usr"_$C(0,0,0,0,0,9)_"lib"_$C(0,0,0,0,0,0),10,"nconfigassist.l"_$C(0,8),"         11","@tmp"_$C(0,0,0,0,0)_"@home",12,$C(0,0,0)_" var"_$C(0,0,0,0,0,0),13,".."_$C(0,0,0,0,0,0,3)_"lost+found")
Keysize : ##FILTERED##GTM_TEST_DEBUGINFO.*
^ZGBL(1,$C(0,2)_"."_$C(0,0,0,0,0,0,0,2),2,".."_$C(0,0,0,0,0,0,3)_"lost+found",3,-123456789.123456789,3,$C(0,0,0)_" var"_$C(0,0,0,0,0,0),4,"@tmp"_$C(0,0,0,0,0)_"@home",1234567899.87654321,5,"usr"_$C(0,0,0,0,0,9)_"lib"_$C(0,0,0,0,0,0),6,"usr"_$C(0,0,0,0,0,9)_"lib"_$C(0,0,0,0,0,0),987654321.987654321,7,-987654321.123456789,8,$C(1,0,2,1,0,2,1,0,2,1,0,2,1,0,2,1,0,2,1,0,2,1,0,2,1,0,2,1,0,2,1,0,2,1,0,2,1,0,2,1,0,2,1,0,2,1,0,2,1,0,2,1,0,2,1,0,2,1,0,2,1,0,2,1,0,2,1,0,2,1,0,2,1,0,2,1,0,2,1,0,2,1,0,2,1,0,2,1,0,2,1,0,2,1,0,2,1,0,2,1,0,2,1,0,2,1,0,2,1,0,2,1,0,2,1,0,2,1,0,2,1,0,2,1,0,2,1,0,2,1,0,2,1,0,2,1,0,2,1,0,2,1,0,2,1,0,2,1,0,2,1,0,2,1,0,2,1,0,2,1,0,2,1,0,2,1,0,2,1,0,2,1,0,2,1,0,2,1,0,2,1,0,2,1,0,2,1,0,2,1,0,2,1,0,2,1,0,2,1,0,2,1,0,2,1,0,2,1,0,2,1,0,2,1,0,2,1,0,2,1,0,2,1,0,2,1,0,2,1,0,2,1,0,2,1,0,2,1,0,2,1,0,2,1,0,2,1,0,2,1,0,2,1,0,2,1)_$C(0,2,1,0,2,1,0,2,1,0,2,1,0,2,1,0,2,1,0,2,1,0,2,1,0,2,1,0,2,1,0,2,1,0,2,1,0,2,1,0,2,1,0,2,1,0,2,1,0,2,1,0,2,1,0,2,1,0,2,1,0,2,1,0,2,1,0,2,1,0,2,1,0,2,1,0,2,1,0,2,1,0,2,1,0,2,1,0,2,1,0,2,1,0,2,1,0,2,1,0,2,1,0,2,1,0,2,1,0,2,1,0,2,1,0,2,1,0,2,1,0,2,1,0,2)_"1",9,"usr"_$C(0,0,0,0,0,9)_"lib"_$C(0,0,0,0,0,0),10,"nconfigassist.l"_$C(0,8),"         11","@tmp"_$C(0,0,0,0,0)_"@home",12,$C(0,0,0)_" var"_$C(0,0,0,0,0,0),13,".."_$C(0,0,0,0,0,0,3)_"lost+found")
Keysize : ##FILTERED##GTM_TEST_DEBUGINFO.*
^ZGBL(1,$C(0,2)_"."_$C(0,0,0,0,0,0,0,2),2,".."_$C(0,0,0,0,0,0,3)_"lost+found",3,-123456789.123456789,3,$C(0,0,0)_" var"_$C(0,0,0,0,0,0),4,"@tmp"_$C(0,0,0,0,0)_"@home",1234567899.87654321,5,"usr"_$C(0,0,0,0,0,9)_"lib"_$C(0,0,0,0,0,0),6,"usr"_$C(0,0,0,0,0,9)_"lib"_$C(0,0,0,0,0,0),987654321.987654321,7,-987654321.123456789,8,$C(1,0,2,1,0,2,1,0,2,1,0,2,1,0,2,1,0,2,1,0,2,1,0,2,1,0,2,1,0,2,1,0,2,1,0,2,1,0,2,1,0,2,1,0,2,1,0,2,1,0,2,1,0,2,1,0,2,1,0,2,1,0,2,1,0,2,1,0,2,1,0,2,1,0,2,1,0,2,1,0,2,1,0,2,1,0,2,1,0,2,1,0,2,1,0,2,1,0,2,1,0,2,1,0,2,1,0,2,1,0,2,1,0,2,1,0,2,1,0,2,1,0,2,1,0,2,1,0,2,1,0,2,1,0,2,1,0,2,1,0,2,1,0,2,1,0,2,1,0,2,1,0,2,1,0,2,1,0,2,1,0,2,1,0,2,1,0,2,1,0,2,1,0,2,1,0,2,1,0,2,1,0,2,1,0,2,1,0,2,1,0,2,1,0,2,1,0,2,1,0,2,1,0,2,1,0,2,1,0,2,1,0,2,1,0,2,1,0,2,1,0,2,1,0,2,1,0,2,1,0,2,1,0,2,1,0,2,1,0,2,1,0,2,1,0,2,1,0,2,1,0,2,1,0,2,1)_$C(0,2,1,0,2,1,0,2,1,0,2,1,0,2,1,0,2,1,0,2,1,0,2,1,0,2,1,0,2,1,0,2,1,0,2,1,0,2,1,0,2,1,0,2,1,0,2,1,0,2,1,0,2,1,0,2,1,0,2,1,0,2,1,0,2,1,0,2,1,0,2,1,0,2,1,0,2,1,0,2,1,0,2,1,0,2,1,0,2,1,0,2,1,0,2,1,0,2,1,0,2,1,0,2,1,0,2,1,0,2,1,0,2,1,0,2,1,0,2,1,0,2,1,0,2)_"1",9,"usr"_$C(0,0,0,0,0,9)_"lib"_$C(0,0,0,0,0,0),10,"nconfigassist.l"_$C(0,8),"         11","@tmp"_$C(0,0,0,0,0)_"@home",12,$C(0,0,0)_" var"_$C(0,0,0,0,0,0),13,".."_$C(0,0,0,0,0,0,3)_"lost+found")
Keysize : ##FILTERED##GTM_TEST_DEBUGINFO.*
^ZGBL(1,$C(0,2)_"."_$C(0,0,0,0,0,0,0,2),2,".."_$C(0,0,0,0,0,0,3)_"lost+found",3,-123456789.123456789,3,$C(0,0,0)_" var"_$C(0,0,0,0,0,0),4,"@tmp"_$C(0,0,0,0,0)_"@home",1234567899.87654321,5,"usr"_$C(0,0,0,0,0,9)_"lib"_$C(0,0,0,0,0,0),6,"usr"_$C(0,0,0,0,0,9)_"lib"_$C(0,0,0,0,0,0),987654321.987654321,7,-987654321.123456789,8,$C(1,0,2,1,0,2,1,0,2,1,0,2,1,0,2,1,0,2,1,0,2,1,0,2,1,0,2,1,0,2,1,0,2,1,0,2,1,0,2,1,0,2,1,0,2,1,0,2,1,0,2,1,0,2,1,0,2,1,0,2,1,0,2,1,0,2,1,0,2,1,0,2,1,0,2,1,0,2,1,0,2,1,0,2,1,0,2,1,0,2,1,0,2,1,0,2,1,0,2,1,0,2,1,0,2,1,0,2,1,0,2,1,0,2,1,0,2,1,0,2,1,0,2,1,0,2,1,0,2,1,0,2,1,0,2,1,0,2,1,0,2,1,0,2,1,0,2,1,0,2,1,0,2,1,0,2,1,0,2,1,0,2,1,0,2,1,0,2,1,0,2,1,0,2,1,0,2,1,0,2,1,0,2,1,0,2,1,0,2,1,0,2,1,0,2,1,0,2,1,0,2,1,0,2,1,0,2,1,0,2,1,0,2,1,0,2,1,0,2,1,0,2,1,0,2,1,0,2,1,0,2,1,0,2,1,0,2,1,0,2,1,0,2,1,0,2,1,0,2,1,0,2,1,0,2,1)_$C(0,2,1,0,2,1,0,2,1,0,2,1,0,2,1,0,2,1,0,2,1,0,2,1,0,2,1,0,2,1,0,2,1,0,2,1,0,2,1,0,2,1,0,2,1,0,2,1,0,2,1,0,2,1,0,2,1,0,2,1,0,2,1,0,2,1,0,2,1,0,2,1,0,2,1,0,2,1,0,2,1,0,2,1,0,2,1,0,2,1,0,2,1,0,2,1,0,2,1,0,2,1,0,2,1,0,2,1,0,2,1,0,2,1,0,2,1,0,2,1,0,2,1,0,2)_"1",9,"usr"_$C(0,0,0,0,0,9)_"lib"_$C(0,0,0,0,0,0),10,"nconfigassist.l"_$C(0,8),"         11","@tmp"_$C(0,0,0,0,0)_"@home",12,$C(0,0,0)_" var"_$C(0,0,0,0,0,0),13,".."_$C(0,0,0,0,0,0,3)_"lost+found")
Keysize : ##FILTERED##GTM_TEST_DEBUGINFO.*
^ZGBL(1,$C(0,2)_"."_$C(0,0,0,0,0,0,0,2),2,".."_$C(0,0,0,0,0,0,3)_"lost+found",3,-123456789.123456789,3,$C(0,0,0)_" var"_$C(0,0,0,0,0,0),4,"@tmp"_$C(0,0,0,0,0)_"@home",1234567899.87654321,5,"usr"_$C(0,0,0,0,0,9)_"lib"_$C(0,0,0,0,0,0),6,"usr"_$C(0,0,0,0,0,9)_"lib"_$C(0,0,0,0,0,0),987654321.987654321,7,-987654321.123456789,8,$C(1,0,2,1,0,2,1,0,2,1,0,2,1,0,2,1,0,2,1,0,2,1,0,2,1,0,2,1,0,2,1,0,2,1,0,2,1,0,2,1,0,2,1,0,2,1,0,2,1,0,2,1,0,2,1,0,2,1,0,2,1,0,2,1,0,2,1,0,2,1,0,2,1,0,2,1,0,2,1,0,2,1,0,2,1,0,2,1,0,2,1,0,2,1,0,2,1,0,2,1,0,2,1,0,2,1,0,2,1,0,2,1,0,2,1,0,2,1,0,2,1,0,2,1,0,2,1,0,2,1,0,2,1,0,2,1,0,2,1,0,2,1,0,2,1,0,2,1,0,2,1,0,2,1,0,2,1,0,2,1,0,2,1,0,2,1,0,2,1,0,2,1,0,2,1,0,2,1,0,2,1,0,2,1,0,2,1,0,2,1,0,2,1,0,2,1,0,2,1,0,2,1,0,2,1,0,2,1,0,2,1,0,2,1,0,2,1,0,2,1,0,2,1,0,2,1,0,2,1,0,2,1,0,2,1,0,2,1,0,2,1,0,2,1,0,2,1,0,2,1,0,2,1,0,2,1)_$C(0,2,1,0,2,1,0,2,1,0,2,1,0,2,1,0,2,1,0,2,1,0,2,1,0,2,1,0,2,1,0,2,1,0,2,1,0,2,1,0,2,1,0,2,1,0,2,1,0,2,1,0,2,1,0,2,1,0,2,1,0,2,1,0,2,1,0,2,1,0,2,1,0,2,1,0,2,1,0,2,1,0,2,1,0,2,1,0,2,1,0,2,1,0,2,1,0,2,1,0,2,1,0,2,1,0,2,1,0,2,1,0,2,1,0,2,1,0,2,1,0,2,1,0,2)_"1",9,"usr"_$C(0,0,0,0,0,9)_"lib"_$C(0,0,0,0,0,0),10,"nconfigassist.l"_$C(0,8),"         11","@tmp"_$C(0,0,0,0,0)_"@home",12,$C(0,0,0)_" var"_$C(0,0,0,0,0,0),13,".."_$C(0,0,0,0,0,0,3)_"lost+found")
Keysize : ##FILTERED##GTM_TEST_DEBUGINFO.*
^ZGBL(1,$C(0,2)_"."_$C(0,0,0,0,0,0,0,2),2,".."_$C(0,0,0,0,0,0,3)_"lost+found",3,-123456789.123456789,3,$C(0,0,0)_" var"_$C(0,0,0,0,0,0),4,"@tmp"_$C(0,0,0,0,0)_"@home",1234567899.87654321,5,"usr"_$C(0,0,0,0,0,9)_"lib"_$C(0,0,0,0,0,0),6,"usr"_$C(0,0,0,0,0,9)_"lib"_$C(0,0,0,0,0,0),987654321.987654321,7,-987654321.123456789,8,$C(1,0,2,1,0,2,1,0,2,1,0,2,1,0,2,1,0,2,1,0,2,1,0,2,1,0,2,1,0,2,1,0,2,1,0,2,1,0,2,1,0,2,1,0,2,1,0,2,1,0,2,1,0,2,1,0,2,1,0,2,1,0,2,1,0,2,1,0,2,1,0,2,1,0,2,1,0,2,1,0,2,1,0,2,1,0,2,1,0,2,1,0,2,1,0,2,1,0,2,1,0,2,1,0,2,1,0,2,1,0,2,1,0,2,1,0,2,1,0,2,1,0,2,1,0,2,1,0,2,1,0,2,1,0,2,1,0,2,1,0,2,1,0,2,1,0,2,1,0,2,1,0,2,1,0,2,1,0,2,1,0,2,1,0,2,1,0,2,1,0,2,1,0,2,1,0,2,1,0,2,1,0,2,1,0,2,1,0,2,1,0,2,1,0,2,1,0,2,1,0,2,1,0,2,1,0,2,1,0,2,1,0,2,1,0,2,1,0,2,1,0,2,1,0,2,1,0,2,1,0,2,1,0,2,1,0,2,1,0,2,1,0,2,1,0,2,1,0,2,1,0,2,1,0,2,1)_$C(0,2,1,0,2,1,0,2,1,0,2,1,0,2,1,0,2,1,0,2,1,0,2,1,0,2,1,0,2,1,0,2,1,0,2,1,0,2,1,0,2,1,0,2,1,0,2,1,0,2,1,0,2,1,0,2,1,0,2,1,0,2,1,0,2,1,0,2,1,0,2,1,0,2,1,0,2,1,0,2,1,0,2,1,0,2,1,0,2,1,0,2,1,0,2,1,0,2,1,0,2,1,0,2,1,0,2,1,0,2,1,0,2,1,0,2,1,0,2,1,0,2,1,0,2)_"1",9,"usr"_$C(0,0,0,0,0,9)_"lib"_$C(0,0,0,0,0,0),10,"nconfigassist.l"_$C(0,8),"         11","@tmp"_$C(0,0,0,0,0)_"@home",12,$C(0,0,0)_" var"_$C(0,0,0,0,0,0),13,".."_$C(0,0,0,0,0,0,3)_"lost+found")
Keysize : ##FILTERED##GTM_TEST_DEBUGINFO.*
^ZGBL(1,$C(0,2)_"."_$C(0,0,0,0,0,0,0,2),2,".."_$C(0,0,0,0,0,0,3)_"lost+found",3,-123456789.123456789,3,$C(0,0,0)_" var"_$C(0,0,0,0,0,0),4,"@tmp"_$C(0,0,0,0,0)_"@home",1234567899.87654321,5,"usr"_$C(0,0,0,0,0,9)_"lib"_$C(0,0,0,0,0,0),6,"usr"_$C(0,0,0,0,0,9)_"lib"_$C(0,0,0,0,0,0),987654321.987654321,7,-987654321.123456789,8,$C(1,0,2,1,0,2,1,0,2,1,0,2,1,0,2,1,0,2,1,0,2,1,0,2,1,0,2,1,0,2,1,0,2,1,0,2,1,0,2,1,0,2,1,0,2,1,0,2,1,0,2,1,0,2,1,0,2,1,0,2,1,0,2,1,0,2,1,0,2,1,0,2,1,0,2,1,0,2,1,0,2,1,0,2,1,0,2,1,0,2,1,0,2,1,0,2,1,0,2,1,0,2,1,0,2,1,0,2,1,0,2,1,0,2,1,0,2,1,0,2,1,0,2,1,0,2,1,0,2,1,0,2,1,0,2,1,0,2,1,0,2,1,0,2,1,0,2,1,0,2,1,0,2,1,0,2,1,0,2,1,0,2,1,0,2,1,0,2,1,0,2,1,0,2,1,0,2,1,0,2,1,0,2,1,0,2,1,0,2,1,0,2,1,0,2,1,0,2,1,0,2,1,0,2,1,0,2,1,0,2,1,0,2,1,0,2,1,0,2,1,0,2,1,0,2,1,0,2,1,0,2,1,0,2,1,0,2,1,0,2,1,0,2,1,0,2,1,0,2,1,0,2,1,0,2,1)_$C(0,2,1,0,2,1,0,2,1,0,2,1,0,2,1,0,2,1,0,2,1,0,2,1,0,2,1,0,2,1,0,2,1,0,2,1,0,2,1,0,2,1,0,2,1,0,2,1,0,2,1,0,2,1,0,2,1,0,2,1,0,2,1,0,2,1,0,2,1,0,2,1,0,2,1,0,2,1,0,2,1,0,2,1,0,2,1,0,2,1,0,2,1,0,2,1,0,2,1,0,2,1,0,2,1,0,2,1,0,2,1,0,2,1,0,2,1,0,2,1,0,2,1,0,2)_"1",9,"usr"_$C(0,0,0,0,0,9)_"lib"_$C(0,0,0,0,0,0),10,"nconfigassist.l"_$C(0,8),"         11","@tmp"_$C(0,0,0,0,0)_"@home",12,$C(0,0,0)_" var"_$C(0,0,0,0,0,0),13,".."_$C(0,0,0,0,0,0,3)_"lost+found")
Keysize : ##FILTERED##GTM_TEST_DEBUGINFO.*
^ZGBL(1,$C(0,2)_"."_$C(0,0,0,0,0,0,0,2),2,".."_$C(0,0,0,0,0,0,3)_"lost+found",3,-123456789.123456789,3,$C(0,0,0)_" var"_$C(0,0,0,0,0,0),4,"@tmp"_$C(0,0,0,0,0)_"@home",1234567899.87654321,5,"usr"_$C(0,0,0,0,0,9)_"lib"_$C(0,0,0,0,0,0),6,"usr"_$C(0,0,0,0,0,9)_"lib"_$C(0,0,0,0,0,0),987654321.987654321,7,-987654321.123456789,8,$C(1,0,2,1,0,2,1,0,2,1,0,2,1,0,2,1,0,2,1,0,2,1,0,2,1,0,2,1,0,2,1,0,2,1,0,2,1,0,2,1,0,2,1,0,2,1,0,2,1,0,2,1,0,2,1,0,2,1,0,2,1,0,2,1,0,2,1,0,2,1,0,2,1,0,2,1,0,2,1,0,2,1,0,2,1,0,2,1,0,2,1,0,2,1,0,2,1,0,2,1,0,2,1,0,2,1,0,2,1,0,2,1,0,2,1,0,2,1,0,2,1,0,2,1,0,2,1,0,2,1,0,2,1,0,2,1,0,2,1,0,2,1,0,2,1,0,2,1,0,2,1,0,2,1,0,2,1,0,2,1,0,2,1,0,2,1,0,2,1,0,2,1,0,2,1,0,2,1,0,2,1,0,2,1,0,2,1,0,2,1,0,2,1,0,2,1,0,2,1,0,2,1,0,2,1,0,2,1,0,2,1,0,2,1,0,2,1,0,2,1,0,2,1,0,2,1,0,2,1,0,2,1,0,2,1,0,2,1,0,2,1,0,2,1,0,2,1,0,2,1,0,2,1,0,2,1)_$C(0,2,1,0,2,1,0,2,1,0,2,1,0,2,1,0,2,1,0,2,1,0,2,1,0,2,1,0,2,1,0,2,1,0,2,1,0,2,1,0,2,1,0,2,1,0,2,1,0,2,1,0,2,1,0,2,1,0,2,1,0,2,1,0,2,1,0,2,1,0,2,1,0,2,1,0,2,1,0,2,1,0,2,1,0,2,1,0,2,1,0,2,1,0,2,1,0,2,1,0,2,1,0,2,1,0,2,1,0,2,1,0,2,1,0,2,1,0,2,1,0,2,1,0,2)_"1",9,"usr"_$C(0,0,0,0,0,9)_"lib"_$C(0,0,0,0,0,0),10,"nconfigassist.l"_$C(0,8),"         11","@tmp"_$C(0,0,0,0,0)_"@home",12,$C(0,0,0)_" var"_$C(0,0,0,0,0,0),13,".."_$C(0,0,0,0,0,0,3)_"lost+found")
Keysize : ##FILTERED##GTM_TEST_DEBUGINFO.*
^ZGBL(1,$C(0,2)_"."_$C(0,0,0,0,0,0,0,2),2,".."_$C(0,0,0,0,0,0,3)_"lost+found",3,-123456789.123456789,3,$C(0,0,0)_" var"_$C(0,0,0,0,0,0),4,"@tmp"_$C(0,0,0,0,0)_"@home",1234567899.87654321,5,"usr"_$C(0,0,0,0,0,9)_"lib"_$C(0,0,0,0,0,0),6,"usr"_$C(0,0,0,0,0,9)_"lib"_$C(0,0,0,0,0,0),987654321.987654321,7,-987654321.123456789,8,$C(1,0,2,1,0,2,1,0,2,1,0,2,1,0,2,1,0,2,1,0,2,1,0,2,1,0,2,1,0,2,1,0,2,1,0,2,1,0,2,1,0,2,1,0,2,1,0,2,1,0,2,1,0,2,1,0,2,1,0,2,1,0,2,1,0,2,1,0,2,1,0,2,1,0,2,1,0,2,1,0,2,1,0,2,1,0,2,1,0,2,1,0,2,1,0,2,1,0,2,1,0,2,1,0,2,1,0,2,1,0,2,1,0,2,1,0,2,1,0,2,1,0,2,1,0,2,1,0,2,1,0,2,1,0,2,1,0,2,1,0,2,1,0,2,1,0,2,1,0,2,1,0,2,1,0,2,1,0,2,1,0,2,1,0,2,1,0,2,1,0,2,1,0,2,1,0,2,1,0,2,1,0,2,1,0,2,1,0,2,1,0,2,1,0,2,1,0,2,1,0,2,1,0,2,1,0,2,1,0,2,1,0,2,1,0,2,1,0,2,1,0,2,1,0,2,1,0,2,1,0,2,1,0,2,1,0,2,1,0,2,1,0,2,1,0,2,1,0,2,1,0,2,1,0,2,1)_$C(0,2,1,0,2,1,0,2,1,0,2,1,0,2,1,0,2,1,0,2,1,0,2,1,0,2,1,0,2,1,0,2,1,0,2,1,0,2,1,0,2,1,0,2,1,0,2,1,0,2,1,0,2,1,0,2,1,0,2,1,0,2,1,0,2,1,0,2,1,0,2,1,0,2,1,0,2,1,0,2,1,0,2,1,0,2,1,0,2,1,0,2,1,0,2,1,0,2,1,0,2,1,0,2,1,0,2,1,0,2,1,0,2,1,0,2,1,0,2,1,0,2,1,0,2)_"1",9,"usr"_$C(0,0,0,0,0,9)_"lib"_$C(0,0,0,0,0,0),10,"nconfigassist.l"_$C(0,8),"         11","@tmp"_$C(0,0,0,0,0)_"@home",12,$C(0,0,0)_" var"_$C(0,0,0,0,0,0),13,".."_$C(0,0,0,0,0,0,3)_"lost+found")
Keysize : ##FILTERED##GTM_TEST_DEBUGINFO.*
^ZGBL(1,$C(0,2)_"."_$C(0,0,0,0,0,0,0,2),2,".."_$C(0,0,0,0,0,0,3)_"lost+found",3,-123456789.123456789,3,$C(0,0,0)_" var"_$C(0,0,0,0,0,0),4,"@tmp"_$C(0,0,0,0,0)_"@home",1234567899.87654321,5,"usr"_$C(0,0,0,0,0,9)_"lib"_$C(0,0,0,0,0,0),6,"usr"_$C(0,0,0,0,0,9)_"lib"_$C(0,0,0,0,0,0),987654321.987654321,7,-987654321.123456789,8,$C(1,0,2,1,0,2,1,0,2,1,0,2,1,0,2,1,0,2,1,0,2,1,0,2,1,0,2,1,0,2,1,0,2,1,0,2,1,0,2,1,0,2,1,0,2,1,0,2,1,0,2,1,0,2,1,0,2,1,0,2,1,0,2,1,0,2,1,0,2,1,0,2,1,0,2,1,0,2,1,0,2,1,0,2,1,0,2,1,0,2,1,0,2,1,0,2,1,0,2,1,0,2,1,0,2,1,0,2,1,0,2,1,0,2,1,0,2,1,0,2,1,0,2,1,0,2,1,0,2,1,0,2,1,0,2,1,0,2,1,0,2,1,0,2,1,0,2,1,0,2,1,0,2,1,0,2,1,0,2,1,0,2,1,0,2,1,0,2,1,0,2,1,0,2,1,0,2,1,0,2,1,0,2,1,0,2,1,0,2,1,0,2,1,0,2,1,0,2,1,0,2,1,0,2,1,0,2,1,0,2,1,0,2,1,0,2,1,0,2,1,0,2,1,0,2,1,0,2,1,0,2,1,0,2,1,0,2,1,0,2,1,0,2,1,0,2,1,0,2,1,0,2,1,0,2,1)_$C(0,2,1,0,2,1,0,2,1,0,2,1,0,2,1,0,2,1,0,2,1,0,2,1,0,2,1,0,2,1,0,2,1,0,2,1,0,2,1,0,2,1,0,2,1,0,2,1,0,2,1,0,2,1,0,2,1,0,2,1,0,2,1,0,2,1,0,2,1,0,2,1,0,2,1,0,2,1,0,2,1,0,2,1,0,2,1,0,2,1,0,2,1,0,2,1,0,2,1,0,2,1,0,2,1,0,2,1,0,2,1,0,2,1,0,2,1,0,2,1,0,2,1,0,2)_"1",9,"usr"_$C(0,0,0,0,0,9)_"lib"_$C(0,0,0,0,0,0),10,"nconfigassist.l"_$C(0,8),"         11","@tmp"_$C(0,0,0,0,0)_"@home",12,$C(0,0,0)_" var"_$C(0,0,0,0,0,0),13,".."_$C(0,0,0,0,0,0,3)_"lost+found")
Keysize : ##FILTERED##GTM_TEST_DEBUGINFO.*
^ZGBL(1,$C(0,2)_"."_$C(0,0,0,0,0,0,0,2),2,".."_$C(0,0,0,0,0,0,3)_"lost+found",3,-123456789.123456789,3,$C(0,0,0)_" var"_$C(0,0,0,0,0,0),4,"@tmp"_$C(0,0,0,0,0)_"@home",1234567899.87654321,5,"usr"_$C(0,0,0,0,0,9)_"lib"_$C(0,0,0,0,0,0),6,"usr"_$C(0,0,0,0,0,9)_"lib"_$C(0,0,0,0,0,0),987654321.987654321,7,-987654321.123456789,8,$C(1,0,2,1,0,2,1,0,2,1,0,2,1,0,2,1,0,2,1,0,2,1,0,2,1,0,2,1,0,2,1,0,2,1,0,2,1,0,2,1,0,2,1,0,2,1,0,2,1,0,2,1,0,2,1,0,2,1,0,2,1,0,2,1,0,2,1,0,2,1,0,2,1,0,2,1,0,2,1,0,2,1,0,2,1,0,2,1,0,2,1,0,2,1,0,2,1,0,2,1,0,2,1,0,2,1,0,2,1,0,2,1,0,2,1,0,2,1,0,2,1,0,2,1,0,2,1,0,2,1,0,2,1,0,2,1,0,2,1,0,2,1,0,2,1,0,2,1,0,2,1,0,2,1,0,2,1,0,2,1,0,2,1,0,2,1,0,2,1,0,2,1,0,2,1,0,2,1,0,2,1,0,2,1,0,2,1,0,2,1,0,2,1,0,2,1,0,2,1,0,2,1,0,2,1,0,2,1,0,2,1,0,2,1,0,2,1,0,2,1,0,2,1,0,2,1,0,2,1,0,2,1,0,2,1,0,2,1,0,2,1,0,2,1,0,2,1,0,2,1,0,2,1,0,2,1)_$C(0,2,1,0,2,1,0,2,1,0,2,1,0,2,1,0,2,1,0,2,1,0,2,1,0,2,1,0,2,1,0,2,1,0,2,1,0,2,1,0,2,1,0,2,1,0,2,1,0,2,1,0,2,1,0,2,1,0,2,1,0,2,1,0,2,1,0,2,1,0,2,1,0,2,1,0,2,1,0,2,1,0,2,1,0,2,1,0,2,1,0,2,1,0,2,1,0,2,1,0,2,1,0,2,1,0,2,1,0,2,1,0,2,1,0,2,1,0,2,1,0,2,1,0,2)_"1",9,"usr"_$C(0,0,0,0,0,9)_"lib"_$C(0,0,0,0,0,0),10,"nconfigassist.l"_$C(0,8),"         11","@tmp"_$C(0,0,0,0,0)_"@home",12,$C(0,0,0)_" var"_$C(0,0,0,0,0,0),13,".."_$C(0,0,0,0,0,0,3)_"lost+found")
Keysize : ##FILTERED##GTM_TEST_DEBUGINFO.*
^ZGBL(1,$C(0,2)_"."_$C(0,0,0,0,0,0,0,2),2,".."_$C(0,0,0,0,0,0,3)_"lost+found",3,-123456789.123456789,3,$C(0,0,0)_" var"_$C(0,0,0,0,0,0),4,"@tmp"_$C(0,0,0,0,0)_"@home",1234567899.87654321,5,"usr"_$C(0,0,0,0,0,9)_"lib"_$C(0,0,0,0,0,0),6,"usr"_$C(0,0,0,0,0,9)_"lib"_$C(0,0,0,0,0,0),987654321.987654321,7,-987654321.123456789,8,$C(1,0,2,1,0,2,1,0,2,1,0,2,1,0,2,1,0,2,1,0,2,1,0,2,1,0,2,1,0,2,1,0,2,1,0,2,1,0,2,1,0,2,1,0,2,1,0,2,1,0,2,1,0,2,1,0,2,1,0,2,1,0,2,1,0,2,1,0,2,1,0,2,1,0,2,1,0,2,1,0,2,1,0,2,1,0,2,1,0,2,1,0,2,1,0,2,1,0,2,1,0,2,1,0,2,1,0,2,1,0,2,1,0,2,1,0,2,1,0,2,1,0,2,1,0,2,1,0,2,1,0,2,1,0,2,1,0,2,1,0,2,1,0,2,1,0,2,1,0,2,1,0,2,1,0,2,1,0,2,1,0,2,1,0,2,1,0,2,1,0,2,1,0,2,1,0,2,1,0,2,1,0,2,1,0,2,1,0,2,1,0,2,1,0,2,1,0,2,1,0,2,1,0,2,1,0,2,1,0,2,1,0,2,1,0,2,1,0,2,1,0,2,1,0,2,1,0,2,1,0,2,1,0,2,1,0,2,1,0,2,1,0,2,1,0,2,1,0,2,1,0,2,1,0,2,1)_$C(0,2,1,0,2,1,0,2,1,0,2,1,0,2,1,0,2,1,0,2,1,0,2,1,0,2,1,0,2,1,0,2,1,0,2,1,0,2,1,0,2,1,0,2,1,0,2,1,0,2,1,0,2,1,0,2,1,0,2,1,0,2,1,0,2,1,0,2,1,0,2,1,0,2,1,0,2,1,0,2,1,0,2,1,0,2,1,0,2,1,0,2,1,0,2,1,0,2,1,0,2,1,0,2,1,0,2,1,0,2,1,0,2,1,0,2,1,0,2,1,0,2,1,0,2)_"1",9,"usr"_$C(0,0,0,0,0,9)_"lib"_$C(0,0,0,0,0,0),10,"nconfigassist.l"_$C(0,8),"         11","@tmp"_$C(0,0,0,0,0)_"@home",12,$C(0,0,0)_" var"_$C(0,0,0,0,0,0),13,".."_$C(0,0,0,0,0,0,3)_"lost+found")
Keysize : ##FILTERED##GTM_TEST_DEBUGINFO.*
^ZGBL(1,$C(0,2)_"."_$C(0,0,0,0,0,0,0,2),2,".."_$C(0,0,0,0,0,0,3)_"lost+found",3,-123456789.123456789,3,$C(0,0,0)_" var"_$C(0,0,0,0,0,0),4,"@tmp"_$C(0,0,0,0,0)_"@home",1234567899.87654321,5,"usr"_$C(0,0,0,0,0,9)_"lib"_$C(0,0,0,0,0,0),6,"usr"_$C(0,0,0,0,0,9)_"lib"_$C(0,0,0,0,0,0),987654321.987654321,7,-987654321.123456789,8,$C(1,0,2,1,0,2,1,0,2,1,0,2,1,0,2,1,0,2,1,0,2,1,0,2,1,0,2,1,0,2,1,0,2,1,0,2,1,0,2,1,0,2,1,0,2,1,0,2,1,0,2,1,0,2,1,0,2,1,0,2,1,0,2,1,0,2,1,0,2,1,0,2,1,0,2,1,0,2,1,0,2,1,0,2,1,0,2,1,0,2,1,0,2,1,0,2,1,0,2,1,0,2,1,0,2,1,0,2,1,0,2,1,0,2,1,0,2,1,0,2,1,0,2,1,0,2,1,0,2,1,0,2,1,0,2,1,0,2,1,0,2,1,0,2,1,0,2,1,0,2,1,0,2,1,0,2,1,0,2,1,0,2,1,0,2,1,0,2,1,0,2,1,0,2,1,0,2,1,0,2,1,0,2,1,0,2,1,0,2,1,0,2,1,0,2,1,0,2,1,0,2,1,0,2,1,0,2,1,0,2,1,0,2,1,0,2,1,0,2,1,0,2,1,0,2,1,0,2,1,0,2,1,0,2,1,0,2,1,0,2,1,0,2,1,0,2,1,0,2,1,0,2,1,0,2,1)_$C(0,2,1,0,2,1,0,2,1,0,2,1,0,2,1,0,2,1,0,2,1,0,2,1,0,2,1,0,2,1,0,2,1,0,2,1,0,2,1,0,2,1,0,2,1,0,2,1,0,2,1,0,2,1,0,2,1,0,2,1,0,2,1,0,2,1,0,2,1,0,2,1,0,2,1,0,2,1,0,2,1,0,2,1,0,2,1,0,2,1,0,2,1,0,2,1,0,2,1,0,2,1,0,2,1,0,2,1,0,2,1,0,2,1,0,2,1,0,2,1,0,2,1,0,2)_"1",9,"usr"_$C(0,0,0,0,0,9)_"lib"_$C(0,0,0,0,0,0),10,"nconfigassist.l"_$C(0,8),"         11","@tmp"_$C(0,0,0,0,0)_"@home",12,$C(0,0,0)_" var"_$C(0,0,0,0,0,0),13,".."_$C(0,0,0,0,0,0,3)_"lost+found")
Keysize : ##FILTERED##GTM_TEST_DEBUGINFO.*
^ZGBL(1,$C(0,2)_"."_$C(0,0,0,0,0,0,0,2),2,".."_$C(0,0,0,0,0,0,3)_"lost+found",3,-123456789.123456789,3,$C(0,0,0)_" var"_$C(0,0,0,0,0,0),4,"@tmp"_$C(0,0,0,0,0)_"@home",1234567899.87654321,5,"usr"_$C(0,0,0,0,0,9)_"lib"_$C(0,0,0,0,0,0),6,"usr"_$C(0,0,0,0,0,9)_"lib"_$C(0,0,0,0,0,0),987654321.987654321,7,-987654321.123456789,8,$C(1,0,2,1,0,2,1,0,2,1,0,2,1,0,2,1,0,2,1,0,2,1,0,2,1,0,2,1,0,2,1,0,2,1,0,2,1,0,2,1,0,2,1,0,2,1,0,2,1,0,2,1,0,2,1,0,2,1,0,2,1,0,2,1,0,2,1,0,2,1,0,2,1,0,2,1,0,2,1,0,2,1,0,2,1,0,2,1,0,2,1,0,2,1,0,2,1,0,2,1,0,2,1,0,2,1,0,2,1,0,2,1,0,2,1,0,2,1,0,2,1,0,2,1,0,2,1,0,2,1,0,2,1,0,2,1,0,2,1,0,2,1,0,2,1,0,2,1,0,2,1,0,2,1,0,2,1,0,2,1,0,2,1,0,2,1,0,2,1,0,2,1,0,2,1,0,2,1,0,2,1,0,2,1,0,2,1,0,2,1,0,2,1,0,2,1,0,2,1,0,2,1,0,2,1,0,2,1,0,2,1,0,2,1,0,2,1,0,2,1,0,2,1,0,2,1,0,2,1,0,2,1,0,2,1,0,2,1,0,2,1,0,2,1,0,2,1,0,2,1,0,2,1,0,2,1)_$C(0,2,1,0,2,1,0,2,1,0,2,1,0,2,1,0,2,1,0,2,1,0,2,1,0,2,1,0,2,1,0,2,1,0,2,1,0,2,1,0,2,1,0,2,1,0,2,1,0,2,1,0,2,1,0,2,1,0,2,1,0,2,1,0,2,1,0,2,1,0,2,1,0,2,1,0,2,1,0,2,1,0,2,1,0,2,1,0,2,1,0,2,1,0,2,1,0,2,1,0,2,1,0,2,1,0,2,1,0,2,1,0,2,1,0,2,1,0,2,1,0,2,1,0,2)_"1",9,"usr"_$C(0,0,0,0,0,9)_"lib"_$C(0,0,0,0,0,0),10,"nconfigassist.l"_$C(0,8),"         11","@tmp"_$C(0,0,0,0,0)_"@home",12,$C(0,0,0)_" var"_$C(0,0,0,0,0,0),13,".."_$C(0,0,0,0,0,0,3)_"lost+found")
Keysize : ##FILTERED##GTM_TEST_DEBUGINFO.*
^ZGBL(1,$C(0,2)_"."_$C(0,0,0,0,0,0,0,2),2,".."_$C(0,0,0,0,0,0,3)_"lost+found",3,-123456789.123456789,3,$C(0,0,0)_" var"_$C(0,0,0,0,0,0),4,"@tmp"_$C(0,0,0,0,0)_"@home",1234567899.87654321,5,"usr"_$C(0,0,0,0,0,9)_"lib"_$C(0,0,0,0,0,0),6,"usr"_$C(0,0,0,0,0,9)_"lib"_$C(0,0,0,0,0,0),987654321.987654321,7,-987654321.123456789,8,$C(1,0,2,1,0,2,1,0,2,1,0,2,1,0,2,1,0,2,1,0,2,1,0,2,1,0,2,1,0,2,1,0,2,1,0,2,1,0,2,1,0,2,1,0,2,1,0,2,1,0,2,1,0,2,1,0,2,1,0,2,1,0,2,1,0,2,1,0,2,1,0,2,1,0,2,1,0,2,1,0,2,1,0,2,1,0,2,1,0,2,1,0,2,1,0,2,1,0,2,1,0,2,1,0,2,1,0,2,1,0,2,1,0,2,1,0,2,1,0,2,1,0,2,1,0,2,1,0,2,1,0,2,1,0,2,1,0,2,1,0,2,1,0,2,1,0,2,1,0,2,1,0,2,1,0,2,1,0,2,1,0,2,1,0,2,1,0,2,1,0,2,1,0,2,1,0,2,1,0,2,1,0,2,1,0,2,1,0,2,1,0,2,1,0,2,1,0,2,1,0,2,1,0,2,1,0,2,1,0,2,1,0,2,1,0,2,1,0,2,1,0,2,1,0,2,1,0,2,1,0,2,1,0,2,1,0,2,1,0,2,1,0,2,1,0,2,1,0,2,1,0,2,1,0,2,1)_$C(0,2,1,0,2,1,0,2,1,0,2,1,0,2,1,0,2,1,0,2,1,0,2,1,0,2,1,0,2,1,0,2,1,0,2,1,0,2,1,0,2,1,0,2,1,0,2,1,0,2,1,0,2,1,0,2,1,0,2,1,0,2,1,0,2,1,0,2,1,0,2,1,0,2,1,0,2,1,0,2,1,0,2,1,0,2,1,0,2,1,0,2,1,0,2,1,0,2,1,0,2,1,0,2,1,0,2,1,0,2,1,0,2,1,0,2,1,0,2,1,0,2,1,0,2)_"1",9,"usr"_$C(0,0,0,0,0,9)_"lib"_$C(0,0,0,0,0,0),10,"nconfigassist.l"_$C(0,8),"         11","@tmp"_$C(0,0,0,0,0)_"@home",12,$C(0,0,0)_" var"_$C(0,0,0,0,0,0),13,".."_$C(0,0,0,0,0,0,3)_"lost+found")
Keysize : ##FILTERED##GTM_TEST_DEBUGINFO.*
^ZGBL(1,$C(0,2)_"."_$C(0,0,0,0,0,0,0,2),2,".."_$C(0,0,0,0,0,0,3)_"lost+found",3,-123456789.123456789,3,$C(0,0,0)_" var"_$C(0,0,0,0,0,0),4,"@tmp"_$C(0,0,0,0,0)_"@home",1234567899.87654321,5,"usr"_$C(0,0,0,0,0,9)_"lib"_$C(0,0,0,0,0,0),6,"usr"_$C(0,0,0,0,0,9)_"lib"_$C(0,0,0,0,0,0),987654321.987654321,7,-987654321.123456789,8,$C(1,0,2,1,0,2,1,0,2,1,0,2,1,0,2,1,0,2,1,0,2,1,0,2,1,0,2,1,0,2,1,0,2,1,0,2,1,0,2,1,0,2,1,0,2,1,0,2,1,0,2,1,0,2,1,0,2,1,0,2,1,0,2,1,0,2,1,0,2,1,0,2,1,0,2,1,0,2,1,0,2,1,0,2,1,0,2,1,0,2,1,0,2,1,0,2,1,0,2,1,0,2,1,0,2,1,0,2,1,0,2,1,0,2,1,0,2,1,0,2,1,0,2,1,0,2,1,0,2,1,0,2,1,0,2,1,0,2,1,0,2,1,0,2,1,0,2,1,0,2,1,0,2,1,0,2,1,0,2,1,0,2,1,0,2,1,0,2,1,0,2,1,0,2,1,0,2,1,0,2,1,0,2,1,0,2,1,0,2,1,0,2,1,0,2,1,0,2,1,0,2,1,0,2,1,0,2,1,0,2,1,0,2,1,0,2,1,0,2,1,0,2,1,0,2,1,0,2,1,0,2,1,0,2,1,0,2,1,0,2,1,0,2,1,0,2,1,0,2,1,0,2,1,0,2,1)_$C(0,2,1,0,2,1,0,2,1,0,2,1,0,2,1,0,2,1,0,2,1,0,2,1,0,2,1,0,2,1,0,2,1,0,2,1,0,2,1,0,2,1,0,2,1,0,2,1,0,2,1,0,2,1,0,2,1,0,2,1,0,2,1,0,2,1,0,2,1,0,2,1,0,2,1,0,2,1,0,2,1,0,2,1,0,2,1,0,2,1,0,2,1,0,2,1,0,2,1,0,2,1,0,2,1,0,2,1,0,2,1,0,2,1,0,2,1,0,2,1,0,2,1,0,2)_"1",9,"usr"_$C(0,0,0,0,0,9)_"lib"_$C(0,0,0,0,0,0),10,"nconfigassist.l"_$C(0,8),"         11","@tmp"_$C(0,0,0,0,0)_"@home",12,$C(0,0,0)_" var"_$C(0,0,0,0,0,0),13,".."_$C(0,0,0,0,0,0,3)_"lost+found")
Keysize : ##FILTERED##GTM_TEST_DEBUGINFO.*
^ZGBL(1,$C(0,2)_"."_$C(0,0,0,0,0,0,0,2),2,".."_$C(0,0,0,0,0,0,3)_"lost+found",3,-123456789.123456789,3,$C(0,0,0)_" var"_$C(0,0,0,0,0,0),4,"@tmp"_$C(0,0,0,0,0)_"@home",1234567899.87654321,5,"usr"_$C(0,0,0,0,0,9)_"lib"_$C(0,0,0,0,0,0),6,"usr"_$C(0,0,0,0,0,9)_"lib"_$C(0,0,0,0,0,0),987654321.987654321,7,-987654321.123456789,8,$C(1,0,2,1,0,2,1,0,2,1,0,2,1,0,2,1,0,2,1,0,2,1,0,2,1,0,2,1,0,2,1,0,2,1,0,2,1,0,2,1,0,2,1,0,2,1,0,2,1,0,2,1,0,2,1,0,2,1,0,2,1,0,2,1,0,2,1,0,2,1,0,2,1,0,2,1,0,2,1,0,2,1,0,2,1,0,2,1,0,2,1,0,2,1,0,2,1,0,2,1,0,2,1,0,2,1,0,2,1,0,2,1,0,2,1,0,2,1,0,2,1,0,2,1,0,2,1,0,2,1,0,2,1,0,2,1,0,2,1,0,2,1,0,2,1,0,2,1,0,2,1,0,2,1,0,2,1,0,2,1,0,2,1,0,2,1,0,2,1,0,2,1,0,2,1,0,2,1,0,2,1,0,2,1,0,2,1,0,2,1,0,2,1,0,2,1,0,2,1,0,2,1,0,2,1,0,2,1,0,2,1,0,2,1,0,2,1,0,2,1,0,2,1,0,2,1,0,2,1,0,2,1,0,2,1,0,2,1,0,2,1,0,2,1,0,2,1,0,2,1,0,2,1,0,2,1)_$C(0,2,1,0,2,1,0,2,1,0,2,1,0,2,1,0,2,1,0,2,1,0,2,1,0,2,1,0,2,1,0,2,1,0,2,1,0,2,1,0,2,1,0,2,1,0,2,1,0,2,1,0,2,1,0,2,1,0,2,1,0,2,1,0,2,1,0,2,1,0,2,1,0,2,1,0,2,1,0,2,1,0,2,1,0,2,1,0,2,1,0,2,1,0,2,1,0,2,1,0,2,1,0,2,1,0,2,1,0,2,1,0,2,1,0,2,1,0,2,1,0,2,1,0,2)_"1",9,"usr"_$C(0,0,0,0,0,9)_"lib"_$C(0,0,0,0,0,0),10,"nconfigassist.l"_$C(0,8),"         11","@tmp"_$C(0,0,0,0,0)_"@home",12,$C(0,0,0)_" var"_$C(0,0,0,0,0,0),13,".."_$C(0,0,0,0,0,0,3)_"lost+found")
Keysize : ##FILTERED##GTM_TEST_DEBUGINFO.*
^ZGBL(1,$C(0,2)_"."_$C(0,0,0,0,0,0,0,2),2,".."_$C(0,0,0,0,0,0,3)_"lost+found",3,-123456789.123456789,3,$C(0,0,0)_" var"_$C(0,0,0,0,0,0),4,"@tmp"_$C(0,0,0,0,0)_"@home",1234567899.87654321,5,"usr"_$C(0,0,0,0,0,9)_"lib"_$C(0,0,0,0,0,0),6,"usr"_$C(0,0,0,0,0,9)_"lib"_$C(0,0,0,0,0,0),987654321.987654321,7,-987654321.123456789,8,$C(1,0,2,1,0,2,1,0,2,1,0,2,1,0,2,1,0,2,1,0,2,1,0,2,1,0,2,1,0,2,1,0,2,1,0,2,1,0,2,1,0,2,1,0,2,1,0,2,1,0,2,1,0,2,1,0,2,1,0,2,1,0,2,1,0,2,1,0,2,1,0,2,1,0,2,1,0,2,1,0,2,1,0,2,1,0,2,1,0,2,1,0,2,1,0,2,1,0,2,1,0,2,1,0,2,1,0,2,1,0,2,1,0,2,1,0,2,1,0,2,1,0,2,1,0,2,1,0,2,1,0,2,1,0,2,1,0,2,1,0,2,1,0,2,1,0,2,1,0,2,1,0,2,1,0,2,1,0,2,1,0,2,1,0,2,1,0,2,1,0,2,1,0,2,1,0,2,1,0,2,1,0,2,1,0,2,1,0,2,1,0,2,1,0,2,1,0,2,1,0,2,1,0,2,1,0,2,1,0,2,1,0,2,1,0,2,1,0,2,1,0,2,1,0,2,1,0,2,1,0,2,1,0,2,1,0,2,1,0,2,1,0,2,1,0,2,1,0,2,1,0,2,1,0,2,1)_$C(0,2,1,0,2,1,0,2,1,0,2,1,0,2,1,0,2,1,0,2,1,0,2,1,0,2,1,0,2,1,0,2,1,0,2,1,0,2,1,0,2,1,0,2,1,0,2,1,0,2,1,0,2,1,0,2,1,0,2,1,0,2,1,0,2,1,0,2,1,0,2,1,0,2,1,0,2,1,0,2,1,0,2,1,0,2,1,0,2,1,0,2,1,0,2,1,0,2,1,0,2,1,0,2,1,0,2,1,0,2,1,0,2,1,0,2,1,0,2,1,0,2,1,0,2)_"1",9,"usr"_$C(0,0,0,0,0,9)_"lib"_$C(0,0,0,0,0,0),10,"nconfigassist.l"_$C(0,8),"         11","@tmp"_$C(0,0,0,0,0)_"@home",12,$C(0,0,0)_" var"_$C(0,0,0,0,0,0),13,".."_$C(0,0,0,0,0,0,3)_"lost+found")
Keysize : ##FILTERED##GTM_TEST_DEBUGINFO.*
^ZGBL(1,$C(0,2)_"."_$C(0,0,0,0,0,0,0,2),2,".."_$C(0,0,0,0,0,0,3)_"lost+found",3,-123456789.123456789,3,$C(0,0,0)_" var"_$C(0,0,0,0,0,0),4,"@tmp"_$C(0,0,0,0,0)_"@home",1234567899.87654321,5,"usr"_$C(0,0,0,0,0,9)_"lib"_$C(0,0,0,0,0,0),6,"usr"_$C(0,0,0,0,0,9)_"lib"_$C(0,0,0,0,0,0),987654321.987654321,7,-987654321.123456789,8,$C(1,0,2,1,0,2,1,0,2,1,0,2,1,0,2,1,0,2,1,0,2,1,0,2,1,0,2,1,0,2,1,0,2,1,0,2,1,0,2,1,0,2,1,0,2,1,0,2,1,0,2,1,0,2,1,0,2,1,0,2,1,0,2,1,0,2,1,0,2,1,0,2,1,0,2,1,0,2,1,0,2,1,0,2,1,0,2,1,0,2,1,0,2,1,0,2,1,0,2,1,0,2,1,0,2,1,0,2,1,0,2,1,0,2,1,0,2,1,0,2,1,0,2,1,0,2,1,0,2,1,0,2,1,0,2,1,0,2,1,0,2,1,0,2,1,0,2,1,0,2,1,0,2,1,0,2,1,0,2,1,0,2,1,0,2,1,0,2,1,0,2,1,0,2,1,0,2,1,0,2,1,0,2,1,0,2,1,0,2,1,0,2,1,0,2,1,0,2,1,0,2,1,0,2,1,0,2,1,0,2,1,0,2,1,0,2,1,0,2,1,0,2,1,0,2,1,0,2,1,0,2,1,0,2,1,0,2,1,0,2,1,0,2,1,0,2,1,0,2,1,0,2,1,0,2,1)_$C(0,2,1,0,2,1,0,2,1,0,2,1,0,2,1,0,2,1,0,2,1,0,2,1,0,2,1,0,2,1,0,2,1,0,2,1,0,2,1,0,2,1,0,2,1,0,2,1,0,2,1,0,2,1,0,2,1,0,2,1,0,2,1,0,2,1,0,2,1,0,2,1,0,2,1,0,2,1,0,2,1,0,2,1,0,2,1,0,2,1,0,2,1,0,2,1,0,2,1,0,2,1,0,2,1,0,2,1,0,2,1,0,2,1,0,2,1,0,2,1,0,2,1,0,2)_"1",9,"usr"_$C(0,0,0,0,0,9)_"lib"_$C(0,0,0,0,0,0),10,"nconfigassist.l"_$C(0,8),"         11","@tmp"_$C(0,0,0,0,0)_"@home",12,$C(0,0,0)_" var"_$C(0,0,0,0,0,0),13,".."_$C(0,0,0,0,0,0,3)_"lost+found")
Keysize : ##FILTERED##GTM_TEST_DEBUGINFO.*
^ZGBL(1,$C(0,2)_"."_$C(0,0,0,0,0,0,0,2),2,".."_$C(0,0,0,0,0,0,3)_"lost+found",3,-123456789.123456789,3,$C(0,0,0)_" var"_$C(0,0,0,0,0,0),4,"@tmp"_$C(0,0,0,0,0)_"@home",1234567899.87654321,5,"usr"_$C(0,0,0,0,0,9)_"lib"_$C(0,0,0,0,0,0),6,"usr"_$C(0,0,0,0,0,9)_"lib"_$C(0,0,0,0,0,0),987654321.987654321,7,-987654321.123456789,8,$C(1,0,2,1,0,2,1,0,2,1,0,2,1,0,2,1,0,2,1,0,2,1,0,2,1,0,2,1,0,2,1,0,2,1,0,2,1,0,2,1,0,2,1,0,2,1,0,2,1,0,2,1,0,2,1,0,2,1,0,2,1,0,2,1,0,2,1,0,2,1,0,2,1,0,2,1,0,2,1,0,2,1,0,2,1,0,2,1,0,2,1,0,2,1,0,2,1,0,2,1,0,2,1,0,2,1,0,2,1,0,2,1,0,2,1,0,2,1,0,2,1,0,2,1,0,2,1,0,2,1,0,2,1,0,2,1,0,2,1,0,2,1,0,2,1,0,2,1,0,2,1,0,2,1,0,2,1,0,2,1,0,2,1,0,2,1,0,2,1,0,2,1,0,2,1,0,2,1,0,2,1,0,2,1,0,2,1,0,2,1,0,2,1,0,2,1,0,2,1,0,2,1,0,2,1,0,2,1,0,2,1,0,2,1,0,2,1,0,2,1,0,2,1,0,2,1,0,2,1,0,2,1,0,2,1,0,2,1,0,2,1,0,2,1,0,2,1,0,2,1,0,2,1,0,2,1)_$C(0,2,1,0,2,1,0,2,1,0,2,1,0,2,1,0,2,1,0,2,1,0,2,1,0,2,1,0,2,1,0,2,1,0,2,1,0,2,1,0,2,1,0,2,1,0,2,1,0,2,1,0,2,1,0,2,1,0,2,1,0,2,1,0,2,1,0,2,1,0,2,1,0,2,1,0,2,1,0,2,1,0,2,1,0,2,1,0,2,1,0,2,1,0,2,1,0,2,1,0,2,1,0,2,1,0,2,1,0,2,1,0,2,1,0,2,1,0,2,1,0,2,1,0,2)_"1",9,"usr"_$C(0,0,0,0,0,9)_"lib"_$C(0,0,0,0,0,0),10,"nconfigassist.l"_$C(0,8),"         11","@tmp"_$C(0,0,0,0,0)_"@home",12,$C(0,0,0)_" var"_$C(0,0,0,0,0,0),13,".."_$C(0,0,0,0,0,0,3)_"lost+found")
Keysize : ##FILTERED##GTM_TEST_DEBUGINFO.*
^ZGBL(1,$C(0,2)_"."_$C(0,0,0,0,0,0,0,2),2,".."_$C(0,0,0,0,0,0,3)_"lost+found",3,-123456789.123456789,3,$C(0,0,0)_" var"_$C(0,0,0,0,0,0),4,"@tmp"_$C(0,0,0,0,0)_"@home",1234567899.87654321,5,"usr"_$C(0,0,0,0,0,9)_"lib"_$C(0,0,0,0,0,0),6,"usr"_$C(0,0,0,0,0,9)_"lib"_$C(0,0,0,0,0,0),987654321.987654321,7,-987654321.123456789,8,$C(1,0,2,1,0,2,1,0,2,1,0,2,1,0,2,1,0,2,1,0,2,1,0,2,1,0,2,1,0,2,1,0,2,1,0,2,1,0,2,1,0,2,1,0,2,1,0,2,1,0,2,1,0,2,1,0,2,1,0,2,1,0,2,1,0,2,1,0,2,1,0,2,1,0,2,1,0,2,1,0,2,1,0,2,1,0,2,1,0,2,1,0,2,1,0,2,1,0,2,1,0,2,1,0,2,1,0,2,1,0,2,1,0,2,1,0,2,1,0,2,1,0,2,1,0,2,1,0,2,1,0,2,1,0,2,1,0,2,1,0,2,1,0,2,1,0,2,1,0,2,1,0,2,1,0,2,1,0,2,1,0,2,1,0,2,1,0,2,1,0,2,1,0,2,1,0,2,1,0,2,1,0,2,1,0,2,1,0,2,1,0,2,1,0,2,1,0,2,1,0,2,1,0,2,1,0,2,1,0,2,1,0,2,1,0,2,1,0,2,1,0,2,1,0,2,1,0,2,1,0,2,1,0,2,1,0,2,1,0,2,1,0,2,1,0,2,1,0,2,1,0,2,1,0,2,1)_$C(0,2,1,0,2,1,0,2,1,0,2,1,0,2,1,0,2,1,0,2,1,0,2,1,0,2,1,0,2,1,0,2,1,0,2,1,0,2,1,0,2,1,0,2,1,0,2,1,0,2,1,0,2,1,0,2,1,0,2,1,0,2,1,0,2,1,0,2,1,0,2,1,0,2,1,0,2,1,0,2,1,0,2,1,0,2,1,0,2,1,0,2,1,0,2,1,0,2,1,0,2,1,0,2,1,0,2,1,0,2,1,0,2,1,0,2,1,0,2,1,0,2,1,0,2)_"1",9,"usr"_$C(0,0,0,0,0,9)_"lib"_$C(0,0,0,0,0,0),10,"nconfigassist.l"_$C(0,8),"         11","@tmp"_$C(0,0,0,0,0)_"@home",12,$C(0,0,0)_" var"_$C(0,0,0,0,0,0),13,".."_$C(0,0,0,0,0,0,3)_"lost+found")
Keysize : ##FILTERED##GTM_TEST_DEBUGINFO.*
^ZGBL(1,$C(0,2)_"."_$C(0,0,0,0,0,0,0,2),2,".."_$C(0,0,0,0,0,0,3)_"lost+found",3,-123456789.123456789,3,$C(0,0,0)_" var"_$C(0,0,0,0,0,0),4,"@tmp"_$C(0,0,0,0,0)_"@home",1234567899.87654321,5,"usr"_$C(0,0,0,0,0,9)_"lib"_$C(0,0,0,0,0,0),6,"usr"_$C(0,0,0,0,0,9)_"lib"_$C(0,0,0,0,0,0),987654321.987654321,7,-987654321.123456789,8,$C(1,0,2,1,0,2,1,0,2,1,0,2,1,0,2,1,0,2,1,0,2,1,0,2,1,0,2,1,0,2,1,0,2,1,0,2,1,0,2,1,0,2,1,0,2,1,0,2,1,0,2,1,0,2,1,0,2,1,0,2,1,0,2,1,0,2,1,0,2,1,0,2,1,0,2,1,0,2,1,0,2,1,0,2,1,0,2,1,0,2,1,0,2,1,0,2,1,0,2,1,0,2,1,0,2,1,0,2,1,0,2,1,0,2,1,0,2,1,0,2,1,0,2,1,0,2,1,0,2,1,0,2,1,0,2,1,0,2,1,0,2,1,0,2,1,0,2,1,0,2,1,0,2,1,0,2,1,0,2,1,0,2,1,0,2,1,0,2,1,0,2,1,0,2,1,0,2,1,0,2,1,0,2,1,0,2,1,0,2,1,0,2,1,0,2,1,0,2,1,0,2,1,0,2,1,0,2,1,0,2,1,0,2,1,0,2,1,0,2,1,0,2,1,0,2,1,0,2,1,0,2,1,0,2,1,0,2,1,0,2,1,0,2,1,0,2,1,0,2,1,0,2,1,0,2,1)_$C(0,2,1,0,2,1,0,2,1,0,2,1,0,2,1,0,2,1,0,2,1,0,2,1,0,2,1,0,2,1,0,2,1,0,2,1,0,2,1,0,2,1,0,2,1,0,2,1,0,2,1,0,2,1,0,2,1,0,2,1,0,2,1,0,2,1,0,2,1,0,2,1,0,2,1,0,2,1,0,2,1,0,2,1,0,2,1,0,2,1,0,2,1,0,2,1,0,2,1,0,2,1,0,2,1,0,2,1,0,2,1,0,2,1,0,2,1,0,2,1,0,2,1,0,2)_"1",9,"usr"_$C(0,0,0,0,0,9)_"lib"_$C(0,0,0,0,0,0),10,"nconfigassist.l"_$C(0,8),"         11","@tmp"_$C(0,0,0,0,0)_"@home",12,$C(0,0,0)_" var"_$C(0,0,0,0,0,0),13,".."_$C(0,0,0,0,0,0,3)_"lost+found")
Keysize : ##FILTERED##GTM_TEST_DEBUGINFO.*
^ZGBL(1,$C(0,2)_"."_$C(0,0,0,0,0,0,0,2),2,".."_$C(0,0,0,0,0,0,3)_"lost+found",3,-123456789.123456789,3,$C(0,0,0)_" var"_$C(0,0,0,0,0,0),4,"@tmp"_$C(0,0,0,0,0)_"@home",1234567899.87654321,5,"usr"_$C(0,0,0,0,0,9)_"lib"_$C(0,0,0,0,0,0),6,"usr"_$C(0,0,0,0,0,9)_"lib"_$C(0,0,0,0,0,0),987654321.987654321,7,-987654321.123456789,8,$C(1,0,2,1,0,2,1,0,2,1,0,2,1,0,2,1,0,2,1,0,2,1,0,2,1,0,2,1,0,2,1,0,2,1,0,2,1,0,2,1,0,2,1,0,2,1,0,2,1,0,2,1,0,2,1,0,2,1,0,2,1,0,2,1,0,2,1,0,2,1,0,2,1,0,2,1,0,2,1,0,2,1,0,2,1,0,2,1,0,2,1,0,2,1,0,2,1,0,2,1,0,2,1,0,2,1,0,2,1,0,2,1,0,2,1,0,2,1,0,2,1,0,2,1,0,2,1,0,2,1,0,2,1,0,2,1,0,2,1,0,2,1,0,2,1,0,2,1,0,2,1,0,2,1,0,2,1,0,2,1,0,2,1,0,2,1,0,2,1,0,2,1,0,2,1,0,2,1,0,2,1,0,2,1,0,2,1,0,2,1,0,2,1,0,2,1,0,2,1,0,2,1,0,2,1,0,2,1,0,2,1,0,2,1,0,2,1,0,2,1,0,2,1,0,2,1,0,2,1,0,2,1,0,2,1,0,2,1,0,2,1,0,2,1,0,2,1,0,2,1,0,2,1,0,2,1)_$C(0,2,1,0,2,1,0,2,1,0,2,1,0,2,1,0,2,1,0,2,1,0,2,1,0,2,1,0,2,1,0,2,1,0,2,1,0,2,1,0,2,1,0,2,1,0,2,1,0,2,1,0,2,1,0,2,1,0,2,1,0,2,1,0,2,1,0,2,1,0,2,1,0,2,1,0,2,1,0,2,1,0,2,1,0,2,1,0,2,1,0,2,1,0,2,1,0,2,1,0,2,1,0,2,1,0,2,1,0,2,1,0,2,1,0,2,1,0,2,1,0,2,1,0,2)_"1",9,"usr"_$C(0,0,0,0,0,9)_"lib"_$C(0,0,0,0,0,0),10,"nconfigassist.l"_$C(0,8),"         11","@tmp"_$C(0,0,0,0,0)_"@home",12,$C(0,0,0)_" var"_$C(0,0,0,0,0,0),13,".."_$C(0,0,0,0,0,0,3)_"lost+found")
Keysize : ##FILTERED##GTM_TEST_DEBUGINFO.*
^ZGBL(1,$C(0,2)_"."_$C(0,0,0,0,0,0,0,2),2,".."_$C(0,0,0,0,0,0,3)_"lost+found",3,-123456789.123456789,3,$C(0,0,0)_" var"_$C(0,0,0,0,0,0),4,"@tmp"_$C(0,0,0,0,0)_"@home",1234567899.87654321,5,"usr"_$C(0,0,0,0,0,9)_"lib"_$C(0,0,0,0,0,0),6,"usr"_$C(0,0,0,0,0,9)_"lib"_$C(0,0,0,0,0,0),987654321.987654321,7,-987654321.123456789,8,$C(1,0,2,1,0,2,1,0,2,1,0,2,1,0,2,1,0,2,1,0,2,1,0,2,1,0,2,1,0,2,1,0,2,1,0,2,1,0,2,1,0,2,1,0,2,1,0,2,1,0,2,1,0,2,1,0,2,1,0,2,1,0,2,1,0,2,1,0,2,1,0,2,1,0,2,1,0,2,1,0,2,1,0,2,1,0,2,1,0,2,1,0,2,1,0,2,1,0,2,1,0,2,1,0,2,1,0,2,1,0,2,1,0,2,1,0,2,1,0,2,1,0,2,1,0,2,1,0,2,1,0,2,1,0,2,1,0,2,1,0,2,1,0,2,1,0,2,1,0,2,1,0,2,1,0,2,1,0,2,1,0,2,1,0,2,1,0,2,1,0,2,1,0,2,1,0,2,1,0,2,1,0,2,1,0,2,1,0,2,1,0,2,1,0,2,1,0,2,1,0,2,1,0,2,1,0,2,1,0,2,1,0,2,1,0,2,1,0,2,1,0,2,1,0,2,1,0,2,1,0,2,1,0,2,1,0,2,1,0,2,1,0,2,1,0,2,1,0,2,1,0,2,1,0,2,1)_$C(0,2,1,0,2,1,0,2,1,0,2,1,0,2,1,0,2,1,0,2,1,0,2,1,0,2,1,0,2,1,0,2,1,0,2,1,0,2,1,0,2,1,0,2,1,0,2,1,0,2,1,0,2,1,0,2,1,0,2,1,0,2,1,0,2,1,0,2,1,0,2,1,0,2,1,0,2,1,0,2,1,0,2,1,0,2,1,0,2,1,0,2,1,0,2,1,0,2,1,0,2,1,0,2,1,0,2,1,0,2,1,0,2,1,0,2,1,0,2,1,0,2,1,0,2)_"1",9,"usr"_$C(0,0,0,0,0,9)_"lib"_$C(0,0,0,0,0,0),10,"nconfigassist.l"_$C(0,8),"         11","@tmp"_$C(0,0,0,0,0)_"@home",12,$C(0,0,0)_" var"_$C(0,0,0,0,0,0),13,".."_$C(0,0,0,0,0,0,3)_"lost+found")
Keysize : ##FILTERED##GTM_TEST_DEBUGINFO.*
^ZGBL(1,$C(0,2)_"."_$C(0,0,0,0,0,0,0,2),2,".."_$C(0,0,0,0,0,0,3)_"lost+found",3,-123456789.123456789,3,$C(0,0,0)_" var"_$C(0,0,0,0,0,0),4,"@tmp"_$C(0,0,0,0,0)_"@home",1234567899.87654321,5,"usr"_$C(0,0,0,0,0,9)_"lib"_$C(0,0,0,0,0,0),6,"usr"_$C(0,0,0,0,0,9)_"lib"_$C(0,0,0,0,0,0),987654321.987654321,7,-987654321.123456789,8,$C(1,0,2,1,0,2,1,0,2,1,0,2,1,0,2,1,0,2,1,0,2,1,0,2,1,0,2,1,0,2,1,0,2,1,0,2,1,0,2,1,0,2,1,0,2,1,0,2,1,0,2,1,0,2,1,0,2,1,0,2,1,0,2,1,0,2,1,0,2,1,0,2,1,0,2,1,0,2,1,0,2,1,0,2,1,0,2,1,0,2,1,0,2,1,0,2,1,0,2,1,0,2,1,0,2,1,0,2,1,0,2,1,0,2,1,0,2,1,0,2,1,0,2,1,0,2,1,0,2,1,0,2,1,0,2,1,0,2,1,0,2,1,0,2,1,0,2,1,0,2,1,0,2,1,0,2,1,0,2,1,0,2,1,0,2,1,0,2,1,0,2,1,0,2,1,0,2,1,0,2,1,0,2,1,0,2,1,0,2,1,0,2,1,0,2,1,0,2,1,0,2,1,0,2,1,0,2,1,0,2,1,0,2,1,0,2,1,0,2,1,0,2,1,0,2,1,0,2,1,0,2,1,0,2,1,0,2,1,0,2,1,0,2,1,0,2,1,0,2,1,0,2,1,0,2,1)_$C(0,2,1,0,2,1,0,2,1,0,2,1,0,2,1,0,2,1,0,2,1,0,2,1,0,2,1,0,2,1,0,2,1,0,2,1,0,2,1,0,2,1,0,2,1,0,2,1,0,2,1,0,2,1,0,2,1,0,2,1,0,2,1,0,2,1,0,2,1,0,2,1,0,2,1,0,2,1,0,2,1,0,2,1,0,2,1,0,2,1,0,2,1,0,2,1,0,2,1,0,2,1,0,2,1,0,2,1,0,2,1,0,2,1,0,2,1,0,2,1,0,2,1,0,2)_"1",9,"usr"_$C(0,0,0,0,0,9)_"lib"_$C(0,0,0,0,0,0),10,"nconfigassist.l"_$C(0,8),"         11","@tmp"_$C(0,0,0,0,0)_"@home",12,$C(0,0,0)_" var"_$C(0,0,0,0,0,0),13,".."_$C(0,0,0,0,0,0,3)_"lost+found")
Keysize : ##FILTERED##GTM_TEST_DEBUGINFO.*
^ZGBL(1,$C(0,2)_"."_$C(0,0,0,0,0,0,0,2),2,".."_$C(0,0,0,0,0,0,3)_"lost+found",3,-123456789.123456789,3,$C(0,0,0)_" var"_$C(0,0,0,0,0,0),4,"@tmp"_$C(0,0,0,0,0)_"@home",1234567899.87654321,5,"usr"_$C(0,0,0,0,0,9)_"lib"_$C(0,0,0,0,0,0),6,"usr"_$C(0,0,0,0,0,9)_"lib"_$C(0,0,0,0,0,0),987654321.987654321,7,-987654321.123456789,8,$C(1,0,2,1,0,2,1,0,2,1,0,2,1,0,2,1,0,2,1,0,2,1,0,2,1,0,2,1,0,2,1,0,2,1,0,2,1,0,2,1,0,2,1,0,2,1,0,2,1,0,2,1,0,2,1,0,2,1,0,2,1,0,2,1,0,2,1,0,2,1,0,2,1,0,2,1,0,2,1,0,2,1,0,2,1,0,2,1,0,2,1,0,2,1,0,2,1,0,2,1,0,2,1,0,2,1,0,2,1,0,2,1,0,2,1,0,2,1,0,2,1,0,2,1,0,2,1,0,2,1,0,2,1,0,2,1,0,2,1,0,2,1,0,2,1,0,2,1,0,2,1,0,2,1,0,2,1,0,2,1,0,2,1,0,2,1,0,2,1,0,2,1,0,2,1,0,2,1,0,2,1,0,2,1,0,2,1,0,2,1,0,2,1,0,2,1,0,2,1,0,2,1,0,2,1,0,2,1,0,2,1,0,2,1,0,2,1,0,2,1,0,2,1,0,2,1,0,2,1,0,2,1,0,2,1,0,2,1,0,2,1,0,2,1,0,2,1,0,2,1,0,2,1,0,2,1)_$C(0,2,1,0,2,1,0,2,1,0,2,1,0,2,1,0,2,1,0,2,1,0,2,1,0,2,1,0,2,1,0,2,1,0,2,1,0,2,1,0,2,1,0,2,1,0,2,1,0,2,1,0,2,1,0,2,1,0,2,1,0,2,1,0,2,1,0,2,1,0,2,1,0,2,1,0,2,1,0,2,1,0,2,1,0,2,1,0,2,1,0,2,1,0,2,1,0,2,1,0,2,1,0,2,1,0,2,1,0,2,1,0,2,1,0,2,1,0,2,1,0,2,1,0,2)_"1",9,"usr"_$C(0,0,0,0,0,9)_"lib"_$C(0,0,0,0,0,0),10,"nconfigassist.l"_$C(0,8),"         11","@tmp"_$C(0,0,0,0,0)_"@home",12,$C(0,0,0)_" var"_$C(0,0,0,0,0,0),13,".."_$C(0,0,0,0,0,0,3)_"lost+found")
Keysize : ##FILTERED##GTM_TEST_DEBUGINFO.*
^ZGBL(1,$C(0,2)_"."_$C(0,0,0,0,0,0,0,2),2,".."_$C(0,0,0,0,0,0,3)_"lost+found",3,-123456789.123456789,3,$C(0,0,0)_" var"_$C(0,0,0,0,0,0),4,"@tmp"_$C(0,0,0,0,0)_"@home",1234567899.87654321,5,"usr"_$C(0,0,0,0,0,9)_"lib"_$C(0,0,0,0,0,0),6,"usr"_$C(0,0,0,0,0,9)_"lib"_$C(0,0,0,0,0,0),987654321.987654321,7,-987654321.123456789,8,$C(1,0,2,1,0,2,1,0,2,1,0,2,1,0,2,1,0,2,1,0,2,1,0,2,1,0,2,1,0,2,1,0,2,1,0,2,1,0,2,1,0,2,1,0,2,1,0,2,1,0,2,1,0,2,1,0,2,1,0,2,1,0,2,1,0,2,1,0,2,1,0,2,1,0,2,1,0,2,1,0,2,1,0,2,1,0,2,1,0,2,1,0,2,1,0,2,1,0,2,1,0,2,1,0,2,1,0,2,1,0,2,1,0,2,1,0,2,1,0,2,1,0,2,1,0,2,1,0,2,1,0,2,1,0,2,1,0,2,1,0,2,1,0,2,1,0,2,1,0,2,1,0,2,1,0,2,1,0,2,1,0,2,1,0,2,1,0,2,1,0,2,1,0,2,1,0,2,1,0,2,1,0,2,1,0,2,1,0,2,1,0,2,1,0,2,1,0,2,1,0,2,1,0,2,1,0,2,1,0,2,1,0,2,1,0,2,1,0,2,1,0,2,1,0,2,1,0,2,1,0,2,1,0,2,1,0,2,1,0,2,1,0,2,1,0,2,1,0,2,1,0,2,1,0,2,1)_$C(0,2,1,0,2,1,0,2,1,0,2,1,0,2,1,0,2,1,0,2,1,0,2,1,0,2,1,0,2,1,0,2,1,0,2,1,0,2,1,0,2,1,0,2,1,0,2,1,0,2,1,0,2,1,0,2,1,0,2,1,0,2,1,0,2,1,0,2,1,0,2,1,0,2,1,0,2,1,0,2,1,0,2,1,0,2,1,0,2,1,0,2,1,0,2,1,0,2,1,0,2,1,0,2,1,0,2,1,0,2,1,0,2,1,0,2,1,0,2,1,0,2,1,0,2)_"1",9,"usr"_$C(0,0,0,0,0,9)_"lib"_$C(0,0,0,0,0,0),10,"nconfigassist.l"_$C(0,8),"         11","@tmp"_$C(0,0,0,0,0)_"@home",12,$C(0,0,0)_" var"_$C(0,0,0,0,0,0),13,".."_$C(0,0,0,0,0,0,3)_"lost+found")
Keysize : ##FILTERED##GTM_TEST_DEBUGINFO.*
^ZGBL(1,$C(0,2)_"."_$C(0,0,0,0,0,0,0,2),2,".."_$C(0,0,0,0,0,0,3)_"lost+found",3,-123456789.123456789,3,$C(0,0,0)_" var"_$C(0,0,0,0,0,0),4,"@tmp"_$C(0,0,0,0,0)_"@home",1234567899.87654321,5,"usr"_$C(0,0,0,0,0,9)_"lib"_$C(0,0,0,0,0,0),6,"usr"_$C(0,0,0,0,0,9)_"lib"_$C(0,0,0,0,0,0),987654321.987654321,7,-987654321.123456789,8,$C(1,0,2,1,0,2,1,0,2,1,0,2,1,0,2,1,0,2,1,0,2,1,0,2,1,0,2,1,0,2,1,0,2,1,0,2,1,0,2,1,0,2,1,0,2,1,0,2,1,0,2,1,0,2,1,0,2,1,0,2,1,0,2,1,0,2,1,0,2,1,0,2,1,0,2,1,0,2,1,0,2,1,0,2,1,0,2,1,0,2,1,0,2,1,0,2,1,0,2,1,0,2,1,0,2,1,0,2,1,0,2,1,0,2,1,0,2,1,0,2,1,0,2,1,0,2,1,0,2,1,0,2,1,0,2,1,0,2,1,0,2,1,0,2,1,0,2,1,0,2,1,0,2,1,0,2,1,0,2,1,0,2,1,0,2,1,0,2,1,0,2,1,0,2,1,0,2,1,0,2,1,0,2,1,0,2,1,0,2,1,0,2,1,0,2,1,0,2,1,0,2,1,0,2,1,0,2,1,0,2,1,0,2,1,0,2,1,0,2,1,0,2,1,0,2,1,0,2,1,0,2,1,0,2,1,0,2,1,0,2,1,0,2,1,0,2,1,0,2,1,0,2,1,0,2,1)_$C(0,2,1,0,2,1,0,2,1,0,2,1,0,2,1,0,2,1,0,2,1,0,2,1,0,2,1,0,2,1,0,2,1,0,2,1,0,2,1,0,2,1,0,2,1,0,2,1,0,2,1,0,2,1,0,2,1,0,2,1,0,2,1,0,2,1,0,2,1,0,2,1,0,2,1,0,2,1,0,2,1,0,2,1,0,2,1,0,2,1,0,2,1,0,2,1,0,2,1,0,2,1,0,2,1,0,2,1,0,2,1,0,2,1,0,2,1,0,2,1,0,2,1,0,2)_"1",9,"usr"_$C(0,0,0,0,0,9)_"lib"_$C(0,0,0,0,0,0),10,"nconfigassist.l"_$C(0,8),"         11","@tmp"_$C(0,0,0,0,0)_"@home",12,$C(0,0,0)_" var"_$C(0,0,0,0,0,0),13,".."_$C(0,0,0,0,0,0,3)_"lost+found")
Keysize : ##FILTERED##GTM_TEST_DEBUGINFO.*
^ZGBL(1,$C(0,2)_"."_$C(0,0,0,0,0,0,0,2),2,".."_$C(0,0,0,0,0,0,3)_"lost+found",3,-123456789.123456789,3,$C(0,0,0)_" var"_$C(0,0,0,0,0,0),4,"@tmp"_$C(0,0,0,0,0)_"@home",1234567899.87654321,5,"usr"_$C(0,0,0,0,0,9)_"lib"_$C(0,0,0,0,0,0),6,"usr"_$C(0,0,0,0,0,9)_"lib"_$C(0,0,0,0,0,0),987654321.987654321,7,-987654321.123456789,8,$C(1,0,2,1,0,2,1,0,2,1,0,2,1,0,2,1,0,2,1,0,2,1,0,2,1,0,2,1,0,2,1,0,2,1,0,2,1,0,2,1,0,2,1,0,2,1,0,2,1,0,2,1,0,2,1,0,2,1,0,2,1,0,2,1,0,2,1,0,2,1,0,2,1,0,2,1,0,2,1,0,2,1,0,2,1,0,2,1,0,2,1,0,2,1,0,2,1,0,2,1,0,2,1,0,2,1,0,2,1,0,2,1,0,2,1,0,2,1,0,2,1,0,2,1,0,2,1,0,2,1,0,2,1,0,2,1,0,2,1,0,2,1,0,2,1,0,2,1,0,2,1,0,2,1,0,2,1,0,2,1,0,2,1,0,2,1,0,2,1,0,2,1,0,2,1,0,2,1,0,2,1,0,2,1,0,2,1,0,2,1,0,2,1,0,2,1,0,2,1,0,2,1,0,2,1,0,2,1,0,2,1,0,2,1,0,2,1,0,2,1,0,2,1,0,2,1,0,2,1,0,2,1,0,2,1,0,2,1,0,2,1,0,2,1,0,2,1,0,2,1,0,2,1,0,2,1)_$C(0,2,1,0,2,1,0,2,1,0,2,1,0,2,1,0,2,1,0,2,1,0,2,1,0,2,1,0,2,1,0,2,1,0,2,1,0,2,1,0,2,1,0,2,1,0,2,1,0,2,1,0,2,1,0,2,1,0,2,1,0,2,1,0,2,1,0,2,1,0,2,1,0,2,1,0,2,1,0,2,1,0,2,1,0,2,1,0,2,1,0,2,1,0,2,1,0,2,1,0,2,1,0,2,1,0,2,1,0,2,1,0,2,1,0,2,1,0,2,1,0,2,1,0,2)_"1",9,"usr"_$C(0,0,0,0,0,9)_"lib"_$C(0,0,0,0,0,0),10,"nconfigassist.l"_$C(0,8),"         11","@tmp"_$C(0,0,0,0,0)_"@home",12,$C(0,0,0)_" var"_$C(0,0,0,0,0,0),13,".."_$C(0,0,0,0,0,0,3)_"lost+found")
Keysize : ##FILTERED##GTM_TEST_DEBUGINFO.*
^ZGBL(1,$C(0,2)_"."_$C(0,0,0,0,0,0,0,2),2,".."_$C(0,0,0,0,0,0,3)_"lost+found",3,-123456789.123456789,3,$C(0,0,0)_" var"_$C(0,0,0,0,0,0),4,"@tmp"_$C(0,0,0,0,0)_"@home",1234567899.87654321,5,"usr"_$C(0,0,0,0,0,9)_"lib"_$C(0,0,0,0,0,0),6,"usr"_$C(0,0,0,0,0,9)_"lib"_$C(0,0,0,0,0,0),987654321.987654321,7,-987654321.123456789,8,$C(1,0,2,1,0,2,1,0,2,1,0,2,1,0,2,1,0,2,1,0,2,1,0,2,1,0,2,1,0,2,1,0,2,1,0,2,1,0,2,1,0,2,1,0,2,1,0,2,1,0,2,1,0,2,1,0,2,1,0,2,1,0,2,1,0,2,1,0,2,1,0,2,1,0,2,1,0,2,1,0,2,1,0,2,1,0,2,1,0,2,1,0,2,1,0,2,1,0,2,1,0,2,1,0,2,1,0,2,1,0,2,1,0,2,1,0,2,1,0,2,1,0,2,1,0,2,1,0,2,1,0,2,1,0,2,1,0,2,1,0,2,1,0,2,1,0,2,1,0,2,1,0,2,1,0,2,1,0,2,1,0,2,1,0,2,1,0,2,1,0,2,1,0,2,1,0,2,1,0,2,1,0,2,1,0,2,1,0,2,1,0,2,1,0,2,1,0,2,1,0,2,1,0,2,1,0,2,1,0,2,1,0,2,1,0,2,1,0,2,1,0,2,1,0,2,1,0,2,1,0,2,1,0,2,1,0,2,1,0,2,1,0,2,1,0,2,1,0,2,1,0,2,1,0,2,1)_$C(0,2,1,0,2,1,0,2,1,0,2,1,0,2,1,0,2,1,0,2,1,0,2,1,0,2,1,0,2,1,0,2,1,0,2,1,0,2,1,0,2,1,0,2,1,0,2,1,0,2,1,0,2,1,0,2,1,0,2,1,0,2,1,0,2,1,0,2,1,0,2,1,0,2,1,0,2,1,0,2,1,0,2,1,0,2,1,0,2,1,0,2,1,0,2,1,0,2,1,0,2,1,0,2,1,0,2,1,0,2,1,0,2,1,0,2,1,0,2,1,0,2,1,0,2)_"1",9,"usr"_$C(0,0,0,0,0,9)_"lib"_$C(0,0,0,0,0,0),10,"nconfigassist.l"_$C(0,8),"         11","@tmp"_$C(0,0,0,0,0)_"@home",12,$C(0,0,0)_" var"_$C(0,0,0,0,0,0),13,".."_$C(0,0,0,0,0,0,3)_"lost+found")
Keysize : ##FILTERED##GTM_TEST_DEBUGINFO.*
^ZGBL(1,$C(0,2)_"."_$C(0,0,0,0,0,0,0,2),2,".."_$C(0,0,0,0,0,0,3)_"lost+found",3,-123456789.123456789,3,$C(0,0,0)_" var"_$C(0,0,0,0,0,0),4,"@tmp"_$C(0,0,0,0,0)_"@home",1234567899.87654321,5,"usr"_$C(0,0,0,0,0,9)_"lib"_$C(0,0,0,0,0,0),6,"usr"_$C(0,0,0,0,0,9)_"lib"_$C(0,0,0,0,0,0),987654321.987654321,7,-987654321.123456789,8,$C(1,0,2,1,0,2,1,0,2,1,0,2,1,0,2,1,0,2,1,0,2,1,0,2,1,0,2,1,0,2,1,0,2,1,0,2,1,0,2,1,0,2,1,0,2,1,0,2,1,0,2,1,0,2,1,0,2,1,0,2,1,0,2,1,0,2,1,0,2,1,0,2,1,0,2,1,0,2,1,0,2,1,0,2,1,0,2,1,0,2,1,0,2,1,0,2,1,0,2,1,0,2,1,0,2,1,0,2,1,0,2,1,0,2,1,0,2,1,0,2,1,0,2,1,0,2,1,0,2,1,0,2,1,0,2,1,0,2,1,0,2,1,0,2,1,0,2,1,0,2,1,0,2,1,0,2,1,0,2,1,0,2,1,0,2,1,0,2,1,0,2,1,0,2,1,0,2,1,0,2,1,0,2,1,0,2,1,0,2,1,0,2,1,0,2,1,0,2,1,0,2,1,0,2,1,0,2,1,0,2,1,0,2,1,0,2,1,0,2,1,0,2,1,0,2,1,0,2,1,0,2,1,0,2,1,0,2,1,0,2,1,0,2,1,0,2,1,0,2,1,0,2,1,0,2,1)_$C(0,2,1,0,2,1,0,2,1,0,2,1,0,2,1,0,2,1,0,2,1,0,2,1,0,2,1,0,2,1,0,2,1,0,2,1,0,2,1,0,2,1,0,2,1,0,2,1,0,2,1,0,2,1,0,2,1,0,2,1,0,2,1,0,2,1,0,2,1,0,2,1,0,2,1,0,2,1,0,2,1,0,2,1,0,2,1,0,2,1,0,2,1,0,2,1,0,2,1,0,2,1,0,2,1,0,2,1,0,2,1,0,2,1,0,2,1,0,2,1,0,2,1,0,2)_"1",9,"usr"_$C(0,0,0,0,0,9)_"lib"_$C(0,0,0,0,0,0),10,"nconfigassist.l"_$C(0,8),"         11","@tmp"_$C(0,0,0,0,0)_"@home",12,$C(0,0,0)_" var"_$C(0,0,0,0,0,0),13,".."_$C(0,0,0,0,0,0,3)_"lost+found")
Keysize : ##FILTERED##GTM_TEST_DEBUGINFO.*
^ZGBL(1,$C(0,2)_"."_$C(0,0,0,0,0,0,0,2),2,".."_$C(0,0,0,0,0,0,3)_"lost+found",3,-123456789.123456789,3,$C(0,0,0)_" var"_$C(0,0,0,0,0,0),4,"@tmp"_$C(0,0,0,0,0)_"@home",1234567899.87654321,5,"usr"_$C(0,0,0,0,0,9)_"lib"_$C(0,0,0,0,0,0),6,"usr"_$C(0,0,0,0,0,9)_"lib"_$C(0,0,0,0,0,0),987654321.987654321,7,-987654321.123456789,8,$C(1,0,2,1,0,2,1,0,2,1,0,2,1,0,2,1,0,2,1,0,2,1,0,2,1,0,2,1,0,2,1,0,2,1,0,2,1,0,2,1,0,2,1,0,2,1,0,2,1,0,2,1,0,2,1,0,2,1,0,2,1,0,2,1,0,2,1,0,2,1,0,2,1,0,2,1,0,2,1,0,2,1,0,2,1,0,2,1,0,2,1,0,2,1,0,2,1,0,2,1,0,2,1,0,2,1,0,2,1,0,2,1,0,2,1,0,2,1,0,2,1,0,2,1,0,2,1,0,2,1,0,2,1,0,2,1,0,2,1,0,2,1,0,2,1,0,2,1,0,2,1,0,2,1,0,2,1,0,2,1,0,2,1,0,2,1,0,2,1,0,2,1,0,2,1,0,2,1,0,2,1,0,2,1,0,2,1,0,2,1,0,2,1,0,2,1,0,2,1,0,2,1,0,2,1,0,2,1,0,2,1,0,2,1,0,2,1,0,2,1,0,2,1,0,2,1,0,2,1,0,2,1,0,2,1,0,2,1,0,2,1,0,2,1,0,2,1,0,2,1,0,2,1,0,2,1)_$C(0,2,1,0,2,1,0,2,1,0,2,1,0,2,1,0,2,1,0,2,1,0,2,1,0,2,1,0,2,1,0,2,1,0,2,1,0,2,1,0,2,1,0,2,1,0,2,1,0,2,1,0,2,1,0,2,1,0,2,1,0,2,1,0,2,1,0,2,1,0,2,1,0,2,1,0,2,1,0,2,1,0,2,1,0,2,1,0,2,1,0,2,1,0,2,1,0,2,1,0,2,1,0,2,1,0,2,1,0,2,1,0,2,1,0,2,1,0,2,1,0,2,1,0,2)_"1",9,"usr"_$C(0,0,0,0,0,9)_"lib"_$C(0,0,0,0,0,0),10,"nconfigassist.l"_$C(0,8),"         11","@tmp"_$C(0,0,0,0,0)_"@home",12,$C(0,0,0)_" var"_$C(0,0,0,0,0,0),13,".."_$C(0,0,0,0,0,0,3)_"lost+found")
Keysize : ##FILTERED##GTM_TEST_DEBUGINFO.*
^ZGBL(1,$C(0,2)_"."_$C(0,0,0,0,0,0,0,2),2,".."_$C(0,0,0,0,0,0,3)_"lost+found",3,-123456789.123456789,3,$C(0,0,0)_" var"_$C(0,0,0,0,0,0),4,"@tmp"_$C(0,0,0,0,0)_"@home",1234567899.87654321,5,"usr"_$C(0,0,0,0,0,9)_"lib"_$C(0,0,0,0,0,0),6,"usr"_$C(0,0,0,0,0,9)_"lib"_$C(0,0,0,0,0,0),987654321.987654321,7,-987654321.123456789,8,$C(1,0,2,1,0,2,1,0,2,1,0,2,1,0,2,1,0,2,1,0,2,1,0,2,1,0,2,1,0,2,1,0,2,1,0,2,1,0,2,1,0,2,1,0,2,1,0,2,1,0,2,1,0,2,1,0,2,1,0,2,1,0,2,1,0,2,1,0,2,1,0,2,1,0,2,1,0,2,1,0,2,1,0,2,1,0,2,1,0,2,1,0,2,1,0,2,1,0,2,1,0,2,1,0,2,1,0,2,1,0,2,1,0,2,1,0,2,1,0,2,1,0,2,1,0,2,1,0,2,1,0,2,1,0,2,1,0,2,1,0,2,1,0,2,1,0,2,1,0,2,1,0,2,1,0,2,1,0,2,1,0,2,1,0,2,1,0,2,1,0,2,1,0,2,1,0,2,1,0,2,1,0,2,1,0,2,1,0,2,1,0,2,1,0,2,1,0,2,1,0,2,1,0,2,1,0,2,1,0,2,1,0,2,1,0,2,1,0,2,1,0,2,1,0,2,1,0,2,1,0,2,1,0,2,1,0,2,1,0,2,1,0,2,1,0,2,1,0,2,1,0,2,1,0,2,1)_$C(0,2,1,0,2,1,0,2,1,0,2,1,0,2,1,0,2,1,0,2,1,0,2,1,0,2,1,0,2,1,0,2,1,0,2,1,0,2,1,0,2,1,0,2,1,0,2,1,0,2,1,0,2,1,0,2,1,0,2,1,0,2,1,0,2,1,0,2,1,0,2,1,0,2,1,0,2,1,0,2,1,0,2,1,0,2,1,0,2,1,0,2,1,0,2,1,0,2,1,0,2,1,0,2,1,0,2,1,0,2,1,0,2,1,0,2,1,0,2,1,0,2,1,0,2)_"1",9,"usr"_$C(0,0,0,0,0,9)_"lib"_$C(0,0,0,0,0,0),10,"nconfigassist.l"_$C(0,8),"         11","@tmp"_$C(0,0,0,0,0)_"@home",12,$C(0,0,0)_" var"_$C(0,0,0,0,0,0),13,".."_$C(0,0,0,0,0,0,3)_"lost+found")
Keysize : ##FILTERED##GTM_TEST_DEBUGINFO.*
^ZGBL(1,$C(0,2)_"."_$C(0,0,0,0,0,0,0,2),2,".."_$C(0,0,0,0,0,0,3)_"lost+found",3,-123456789.123456789,3,$C(0,0,0)_" var"_$C(0,0,0,0,0,0),4,"@tmp"_$C(0,0,0,0,0)_"@home",1234567899.87654321,5,"usr"_$C(0,0,0,0,0,9)_"lib"_$C(0,0,0,0,0,0),6,"usr"_$C(0,0,0,0,0,9)_"lib"_$C(0,0,0,0,0,0),987654321.987654321,7,-987654321.123456789,8,$C(1,0,2,1,0,2,1,0,2,1,0,2,1,0,2,1,0,2,1,0,2,1,0,2,1,0,2,1,0,2,1,0,2,1,0,2,1,0,2,1,0,2,1,0,2,1,0,2,1,0,2,1,0,2,1,0,2,1,0,2,1,0,2,1,0,2,1,0,2,1,0,2,1,0,2,1,0,2,1,0,2,1,0,2,1,0,2,1,0,2,1,0,2,1,0,2,1,0,2,1,0,2,1,0,2,1,0,2,1,0,2,1,0,2,1,0,2,1,0,2,1,0,2,1,0,2,1,0,2,1,0,2,1,0,2,1,0,2,1,0,2,1,0,2,1,0,2,1,0,2,1,0,2,1,0,2,1,0,2,1,0,2,1,0,2,1,0,2,1,0,2,1,0,2,1,0,2,1,0,2,1,0,2,1,0,2,1,0,2,1,0,2,1,0,2,1,0,2,1,0,2,1,0,2,1,0,2,1,0,2,1,0,2,1,0,2,1,0,2,1,0,2,1,0,2,1,0,2,1,0,2,1,0,2,1,0,2,1,0,2,1,0,2,1,0,2,1,0,2,1,0,2,1,0,2,1)_$C(0,2,1,0,2,1,0,2,1,0,2,1,0,2,1,0,2,1,0,2,1,0,2,1,0,2,1,0,2,1,0,2,1,0,2,1,0,2,1,0,2,1,0,2,1,0,2,1,0,2,1,0,2,1,0,2,1,0,2,1,0,2,1,0,2,1,0,2,1,0,2,1,0,2,1,0,2,1,0,2,1,0,2,1,0,2,1,0,2,1,0,2,1,0,2,1,0,2,1,0,2,1,0,2,1,0,2,1,0,2,1,0,2,1,0,2,1,0,2,1,0,2,1,0,2)_"1",9,"usr"_$C(0,0,0,0,0,9)_"lib"_$C(0,0,0,0,0,0),10,"nconfigassist.l"_$C(0,8),"         11","@tmp"_$C(0,0,0,0,0)_"@home",12,$C(0,0,0)_" var"_$C(0,0,0,0,0,0),13,".."_$C(0,0,0,0,0,0,3)_"lost+found")
Keysize : ##FILTERED##GTM_TEST_DEBUGINFO.*
^ZGBL(1,$C(0,2)_"."_$C(0,0,0,0,0,0,0,2),2,".."_$C(0,0,0,0,0,0,3)_"lost+found",3,-123456789.123456789,3,$C(0,0,0)_" var"_$C(0,0,0,0,0,0),4,"@tmp"_$C(0,0,0,0,0)_"@home",1234567899.87654321,5,"usr"_$C(0,0,0,0,0,9)_"lib"_$C(0,0,0,0,0,0),6,"usr"_$C(0,0,0,0,0,9)_"lib"_$C(0,0,0,0,0,0),987654321.987654321,7,-987654321.123456789,8,$C(1,0,2,1,0,2,1,0,2,1,0,2,1,0,2,1,0,2,1,0,2,1,0,2,1,0,2,1,0,2,1,0,2,1,0,2,1,0,2,1,0,2,1,0,2,1,0,2,1,0,2,1,0,2,1,0,2,1,0,2,1,0,2,1,0,2,1,0,2,1,0,2,1,0,2,1,0,2,1,0,2,1,0,2,1,0,2,1,0,2,1,0,2,1,0,2,1,0,2,1,0,2,1,0,2,1,0,2,1,0,2,1,0,2,1,0,2,1,0,2,1,0,2,1,0,2,1,0,2,1,0,2,1,0,2,1,0,2,1,0,2,1,0,2,1,0,2,1,0,2,1,0,2,1,0,2,1,0,2,1,0,2,1,0,2,1,0,2,1,0,2,1,0,2,1,0,2,1,0,2,1,0,2,1,0,2,1,0,2,1,0,2,1,0,2,1,0,2,1,0,2,1,0,2,1,0,2,1,0,2,1,0,2,1,0,2,1,0,2,1,0,2,1,0,2,1,0,2,1,0,2,1,0,2,1,0,2,1,0,2,1,0,2,1,0,2,1,0,2,1,0,2,1,0,2,1)_$C(0,2,1,0,2,1,0,2,1,0,2,1,0,2,1,0,2,1,0,2,1,0,2,1,0,2,1,0,2,1,0,2,1,0,2,1,0,2,1,0,2,1,0,2,1,0,2,1,0,2,1,0,2,1,0,2,1,0,2,1,0,2,1,0,2,1,0,2,1,0,2,1,0,2,1,0,2,1,0,2,1,0,2,1,0,2,1,0,2,1,0,2,1,0,2,1,0,2,1,0,2,1,0,2,1,0,2,1,0,2,1,0,2,1,0,2,1,0,2,1,0,2,1,0,2)_"1",9,"usr"_$C(0,0,0,0,0,9)_"lib"_$C(0,0,0,0,0,0),10,"nconfigassist.l"_$C(0,8),"         11","@tmp"_$C(0,0,0,0,0)_"@home",12,$C(0,0,0)_" var"_$C(0,0,0,0,0,0),13,".."_$C(0,0,0,0,0,0,3)_"lost+found")
Keysize : ##FILTERED##GTM_TEST_DEBUGINFO.*
^ZGBL(1,$C(0,2)_"."_$C(0,0,0,0,0,0,0,2),2,".."_$C(0,0,0,0,0,0,3)_"lost+found",3,-123456789.123456789,3,$C(0,0,0)_" var"_$C(0,0,0,0,0,0),4,"@tmp"_$C(0,0,0,0,0)_"@home",1234567899.87654321,5,"usr"_$C(0,0,0,0,0,9)_"lib"_$C(0,0,0,0,0,0),6,"usr"_$C(0,0,0,0,0,9)_"lib"_$C(0,0,0,0,0,0),987654321.987654321,7,-987654321.123456789,8,$C(1,0,2,1,0,2,1,0,2,1,0,2,1,0,2,1,0,2,1,0,2,1,0,2,1,0,2,1,0,2,1,0,2,1,0,2,1,0,2,1,0,2,1,0,2,1,0,2,1,0,2,1,0,2,1,0,2,1,0,2,1,0,2,1,0,2,1,0,2,1,0,2,1,0,2,1,0,2,1,0,2,1,0,2,1,0,2,1,0,2,1,0,2,1,0,2,1,0,2,1,0,2,1,0,2,1,0,2,1,0,2,1,0,2,1,0,2,1,0,2,1,0,2,1,0,2,1,0,2,1,0,2,1,0,2,1,0,2,1,0,2,1,0,2,1,0,2,1,0,2,1,0,2,1,0,2,1,0,2,1,0,2,1,0,2,1,0,2,1,0,2,1,0,2,1,0,2,1,0,2,1,0,2,1,0,2,1,0,2,1,0,2,1,0,2,1,0,2,1,0,2,1,0,2,1,0,2,1,0,2,1,0,2,1,0,2,1,0,2,1,0,2,1,0,2,1,0,2,1,0,2,1,0,2,1,0,2,1,0,2,1,0,2,1,0,2,1,0,2,1,0,2,1,0,2,1)_$C(0,2,1,0,2,1,0,2,1,0,2,1,0,2,1,0,2,1,0,2,1,0,2,1,0,2,1,0,2,1,0,2,1,0,2,1,0,2,1,0,2,1,0,2,1,0,2,1,0,2,1,0,2,1,0,2,1,0,2,1,0,2,1,0,2,1,0,2,1,0,2,1,0,2,1,0,2,1,0,2,1,0,2,1,0,2,1,0,2,1,0,2,1,0,2,1,0,2,1,0,2,1,0,2,1,0,2,1,0,2,1,0,2,1,0,2,1,0,2,1,0,2,1,0,2)_"1",9,"usr"_$C(0,0,0,0,0,9)_"lib"_$C(0,0,0,0,0,0),10,"nconfigassist.l"_$C(0,8),"         11","@tmp"_$C(0,0,0,0,0)_"@home",12,$C(0,0,0)_" var"_$C(0,0,0,0,0,0),13,".."_$C(0,0,0,0,0,0,3)_"lost+found")
Keysize : ##FILTERED##GTM_TEST_DEBUGINFO.*
^ZGBL(1,$C(0,2)_"."_$C(0,0,0,0,0,0,0,2),2,".."_$C(0,0,0,0,0,0,3)_"lost+found",3,-123456789.123456789,3,$C(0,0,0)_" var"_$C(0,0,0,0,0,0),4,"@tmp"_$C(0,0,0,0,0)_"@home",1234567899.87654321,5,"usr"_$C(0,0,0,0,0,9)_"lib"_$C(0,0,0,0,0,0),6,"usr"_$C(0,0,0,0,0,9)_"lib"_$C(0,0,0,0,0,0),987654321.987654321,7,-987654321.123456789,8,$C(1,0,2,1,0,2,1,0,2,1,0,2,1,0,2,1,0,2,1,0,2,1,0,2,1,0,2,1,0,2,1,0,2,1,0,2,1,0,2,1,0,2,1,0,2,1,0,2,1,0,2,1,0,2,1,0,2,1,0,2,1,0,2,1,0,2,1,0,2,1,0,2,1,0,2,1,0,2,1,0,2,1,0,2,1,0,2,1,0,2,1,0,2,1,0,2,1,0,2,1,0,2,1,0,2,1,0,2,1,0,2,1,0,2,1,0,2,1,0,2,1,0,2,1,0,2,1,0,2,1,0,2,1,0,2,1,0,2,1,0,2,1,0,2,1,0,2,1,0,2,1,0,2,1,0,2,1,0,2,1,0,2,1,0,2,1,0,2,1,0,2,1,0,2,1,0,2,1,0,2,1,0,2,1,0,2,1,0,2,1,0,2,1,0,2,1,0,2,1,0,2,1,0,2,1,0,2,1,0,2,1,0,2,1,0,2,1,0,2,1,0,2,1,0,2,1,0,2,1,0,2,1,0,2,1,0,2,1,0,2,1,0,2,1,0,2,1,0,2,1,0,2,1,0,2,1)_$C(0,2,1,0,2,1,0,2,1,0,2,1,0,2,1,0,2,1,0,2,1,0,2,1,0,2,1,0,2,1,0,2,1,0,2,1,0,2,1,0,2,1,0,2,1,0,2,1,0,2,1,0,2,1,0,2,1,0,2,1,0,2,1,0,2,1,0,2,1,0,2,1,0,2,1,0,2,1,0,2,1,0,2,1,0,2,1,0,2,1,0,2,1,0,2,1,0,2,1,0,2,1,0,2,1,0,2,1,0,2,1,0,2,1,0,2,1,0,2,1,0,2,1,0,2)_"1",9,"usr"_$C(0,0,0,0,0,9)_"lib"_$C(0,0,0,0,0,0),10,"nconfigassist.l"_$C(0,8),"         11","@tmp"_$C(0,0,0,0,0)_"@home",12,$C(0,0,0)_" var"_$C(0,0,0,0,0,0),13,".."_$C(0,0,0,0,0,0,3)_"lost+found")
Keysize : ##FILTERED##GTM_TEST_DEBUGINFO.*
^ZGBL(1,$C(0,2)_"."_$C(0,0,0,0,0,0,0,2),2,".."_$C(0,0,0,0,0,0,3)_"lost+found",3,-123456789.123456789,3,$C(0,0,0)_" var"_$C(0,0,0,0,0,0),4,"@tmp"_$C(0,0,0,0,0)_"@home",1234567899.87654321,5,"usr"_$C(0,0,0,0,0,9)_"lib"_$C(0,0,0,0,0,0),6,"usr"_$C(0,0,0,0,0,9)_"lib"_$C(0,0,0,0,0,0),987654321.987654321,7,-987654321.123456789,8,$C(1,0,2,1,0,2,1,0,2,1,0,2,1,0,2,1,0,2,1,0,2,1,0,2,1,0,2,1,0,2,1,0,2,1,0,2,1,0,2,1,0,2,1,0,2,1,0,2,1,0,2,1,0,2,1,0,2,1,0,2,1,0,2,1,0,2,1,0,2,1,0,2,1,0,2,1,0,2,1,0,2,1,0,2,1,0,2,1,0,2,1,0,2,1,0,2,1,0,2,1,0,2,1,0,2,1,0,2,1,0,2,1,0,2,1,0,2,1,0,2,1,0,2,1,0,2,1,0,2,1,0,2,1,0,2,1,0,2,1,0,2,1,0,2,1,0,2,1,0,2,1,0,2,1,0,2,1,0,2,1,0,2,1,0,2,1,0,2,1,0,2,1,0,2,1,0,2,1,0,2,1,0,2,1,0,2,1,0,2,1,0,2,1,0,2,1,0,2,1,0,2,1,0,2,1,0,2,1,0,2,1,0,2,1,0,2,1,0,2,1,0,2,1,0,2,1,0,2,1,0,2,1,0,2,1,0,2,1,0,2,1,0,2,1,0,2,1,0,2,1,0,2,1,0,2,1)_$C(0,2,1,0,2,1,0,2,1,0,2,1,0,2,1,0,2,1,0,2,1,0,2,1,0,2,1,0,2,1,0,2,1,0,2,1,0,2,1,0,2,1,0,2,1,0,2,1,0,2,1,0,2,1,0,2,1,0,2,1,0,2,1,0,2,1,0,2,1,0,2,1,0,2,1,0,2,1,0,2,1,0,2,1,0,2,1,0,2,1,0,2,1,0,2,1,0,2,1,0,2,1,0,2,1,0,2,1,0,2,1,0,2,1,0,2,1,0,2,1,0,2,1,0,2)_"1",9,"usr"_$C(0,0,0,0,0,9)_"lib"_$C(0,0,0,0,0,0),10,"nconfigassist.l"_$C(0,8),"         11","@tmp"_$C(0,0,0,0,0)_"@home",12,$C(0,0,0)_" var"_$C(0,0,0,0,0,0),13,".."_$C(0,0,0,0,0,0,3)_"lost+found")
Keysize : ##FILTERED##GTM_TEST_DEBUGINFO.*
^ZGBL(1,$C(0,2)_"."_$C(0,0,0,0,0,0,0,2),2,".."_$C(0,0,0,0,0,0,3)_"lost+found",3,-123456789.123456789,3,$C(0,0,0)_" var"_$C(0,0,0,0,0,0),4,"@tmp"_$C(0,0,0,0,0)_"@home",1234567899.87654321,5,"usr"_$C(0,0,0,0,0,9)_"lib"_$C(0,0,0,0,0,0),6,"usr"_$C(0,0,0,0,0,9)_"lib"_$C(0,0,0,0,0,0),987654321.987654321,7,-987654321.123456789,8,$C(1,0,2,1,0,2,1,0,2,1,0,2,1,0,2,1,0,2,1,0,2,1,0,2,1,0,2,1,0,2,1,0,2,1,0,2,1,0,2,1,0,2,1,0,2,1,0,2,1,0,2,1,0,2,1,0,2,1,0,2,1,0,2,1,0,2,1,0,2,1,0,2,1,0,2,1,0,2,1,0,2,1,0,2,1,0,2,1,0,2,1,0,2,1,0,2,1,0,2,1,0,2,1,0,2,1,0,2,1,0,2,1,0,2,1,0,2,1,0,2,1,0,2,1,0,2,1,0,2,1,0,2,1,0,2,1,0,2,1,0,2,1,0,2,1,0,2,1,0,2,1,0,2,1,0,2,1,0,2,1,0,2,1,0,2,1,0,2,1,0,2,1,0,2,1,0,2,1,0,2,1,0,2,1,0,2,1,0,2,1,0,2,1,0,2,1,0,2,1,0,2,1,0,2,1,0,2,1,0,2,1,0,2,1,0,2,1,0,2,1,0,2,1,0,2,1,0,2,1,0,2,1,0,2,1,0,2,1,0,2,1,0,2,1,0,2,1,0,2,1,0,2,1,0,2,1)_$C(0,2,1,0,2,1,0,2,1,0,2,1,0,2,1,0,2,1,0,2,1,0,2,1,0,2,1,0,2,1,0,2,1,0,2,1,0,2,1,0,2,1,0,2,1,0,2,1,0,2,1,0,2,1,0,2,1,0,2,1,0,2,1,0,2,1,0,2,1,0,2,1,0,2,1,0,2,1,0,2,1,0,2,1,0,2,1,0,2,1,0,2,1,0,2,1,0,2,1,0,2,1,0,2,1,0,2,1,0,2,1,0,2,1,0,2,1,0,2,1,0,2,1,0,2)_"1",9,"usr"_$C(0,0,0,0,0,9)_"lib"_$C(0,0,0,0,0,0),10,"nconfigassist.l"_$C(0,8),"         11","@tmp"_$C(0,0,0,0,0)_"@home",12,$C(0,0,0)_" var"_$C(0,0,0,0,0,0),13,".."_$C(0,0,0,0,0,0,3)_"lost+found")
Keysize : ##FILTERED##GTM_TEST_DEBUGINFO.*
^ZGBL(1,$C(0,2)_"."_$C(0,0,0,0,0,0,0,2),2,".."_$C(0,0,0,0,0,0,3)_"lost+found",3,-123456789.123456789,3,$C(0,0,0)_" var"_$C(0,0,0,0,0,0),4,"@tmp"_$C(0,0,0,0,0)_"@home",1234567899.87654321,5,"usr"_$C(0,0,0,0,0,9)_"lib"_$C(0,0,0,0,0,0),6,"usr"_$C(0,0,0,0,0,9)_"lib"_$C(0,0,0,0,0,0),987654321.987654321,7,-987654321.123456789,8,$C(1,0,2,1,0,2,1,0,2,1,0,2,1,0,2,1,0,2,1,0,2,1,0,2,1,0,2,1,0,2,1,0,2,1,0,2,1,0,2,1,0,2,1,0,2,1,0,2,1,0,2,1,0,2,1,0,2,1,0,2,1,0,2,1,0,2,1,0,2,1,0,2,1,0,2,1,0,2,1,0,2,1,0,2,1,0,2,1,0,2,1,0,2,1,0,2,1,0,2,1,0,2,1,0,2,1,0,2,1,0,2,1,0,2,1,0,2,1,0,2,1,0,2,1,0,2,1,0,2,1,0,2,1,0,2,1,0,2,1,0,2,1,0,2,1,0,2,1,0,2,1,0,2,1,0,2,1,0,2,1,0,2,1,0,2,1,0,2,1,0,2,1,0,2,1,0,2,1,0,2,1,0,2,1,0,2,1,0,2,1,0,2,1,0,2,1,0,2,1,0,2,1,0,2,1,0,2,1,0,2,1,0,2,1,0,2,1,0,2,1,0,2,1,0,2,1,0,2,1,0,2,1,0,2,1,0,2,1,0,2,1,0,2,1,0,2,1,0,2,1,0,2,1,0,2,1)_$C(0,2,1,0,2,1,0,2,1,0,2,1,0,2,1,0,2,1,0,2,1,0,2,1,0,2,1,0,2,1,0,2,1,0,2,1,0,2,1,0,2,1,0,2,1,0,2,1,0,2,1,0,2,1,0,2,1,0,2,1,0,2,1,0,2,1,0,2,1,0,2,1,0,2,1,0,2,1,0,2,1,0,2,1,0,2,1,0,2,1,0,2,1,0,2,1,0,2,1,0,2,1,0,2,1,0,2,1,0,2,1,0,2,1,0,2,1,0,2,1,0,2,1,0,2)_"1",9,"usr"_$C(0,0,0,0,0,9)_"lib"_$C(0,0,0,0,0,0),10,"nconfigassist.l"_$C(0,8),"         11","@tmp"_$C(0,0,0,0,0)_"@home",12,$C(0,0,0)_" var"_$C(0,0,0,0,0,0),13,".."_$C(0,0,0,0,0,0,3)_"lost+found")
Keysize : ##FILTERED##GTM_TEST_DEBUGINFO.*
^ZGBL(1,$C(0,2)_"."_$C(0,0,0,0,0,0,0,2),2,".."_$C(0,0,0,0,0,0,3)_"lost+found",3,-123456789.123456789,3,$C(0,0,0)_" var"_$C(0,0,0,0,0,0),4,"@tmp"_$C(0,0,0,0,0)_"@home",1234567899.87654321,5,"usr"_$C(0,0,0,0,0,9)_"lib"_$C(0,0,0,0,0,0),6,"usr"_$C(0,0,0,0,0,9)_"lib"_$C(0,0,0,0,0,0),987654321.987654321,7,-987654321.123456789,8,$C(1,0,2,1,0,2,1,0,2,1,0,2,1,0,2,1,0,2,1,0,2,1,0,2,1,0,2,1,0,2,1,0,2,1,0,2,1,0,2,1,0,2,1,0,2,1,0,2,1,0,2,1,0,2,1,0,2,1,0,2,1,0,2,1,0,2,1,0,2,1,0,2,1,0,2,1,0,2,1,0,2,1,0,2,1,0,2,1,0,2,1,0,2,1,0,2,1,0,2,1,0,2,1,0,2,1,0,2,1,0,2,1,0,2,1,0,2,1,0,2,1,0,2,1,0,2,1,0,2,1,0,2,1,0,2,1,0,2,1,0,2,1,0,2,1,0,2,1,0,2,1,0,2,1,0,2,1,0,2,1,0,2,1,0,2,1,0,2,1,0,2,1,0,2,1,0,2,1,0,2,1,0,2,1,0,2,1,0,2,1,0,2,1,0,2,1,0,2,1,0,2,1,0,2,1,0,2,1,0,2,1,0,2,1,0,2,1,0,2,1,0,2,1,0,2,1,0,2,1,0,2,1,0,2,1,0,2,1,0,2,1,0,2,1,0,2,1,0,2,1,0,2,1,0,2,1)_$C(0,2,1,0,2,1,0,2,1,0,2,1,0,2,1,0,2,1,0,2,1,0,2,1,0,2,1,0,2,1,0,2,1,0,2,1,0,2,1,0,2,1,0,2,1,0,2,1,0,2,1,0,2,1,0,2,1,0,2,1,0,2,1,0,2,1,0,2,1,0,2,1,0,2,1,0,2,1,0,2,1,0,2,1,0,2,1,0,2,1,0,2,1,0,2,1,0,2,1,0,2,1,0,2,1,0,2,1,0,2,1,0,2,1,0,2,1,0,2,1,0,2,1,0,2)_"1",9,"usr"_$C(0,0,0,0,0,9)_"lib"_$C(0,0,0,0,0,0),10,"nconfigassist.l"_$C(0,8),"         11","@tmp"_$C(0,0,0,0,0)_"@home",12,$C(0,0,0)_" var"_$C(0,0,0,0,0,0),13,".."_$C(0,0,0,0,0,0,3)_"lost+found")
Keysize : ##FILTERED##GTM_TEST_DEBUGINFO.*
^ZGBL(1,$C(0,2)_"."_$C(0,0,0,0,0,0,0,2),2,".."_$C(0,0,0,0,0,0,3)_"lost+found",3,-123456789.123456789,3,$C(0,0,0)_" var"_$C(0,0,0,0,0,0),4,"@tmp"_$C(0,0,0,0,0)_"@home",1234567899.87654321,5,"usr"_$C(0,0,0,0,0,9)_"lib"_$C(0,0,0,0,0,0),6,"usr"_$C(0,0,0,0,0,9)_"lib"_$C(0,0,0,0,0,0),987654321.987654321,7,-987654321.123456789,8,$C(1,0,2,1,0,2,1,0,2,1,0,2,1,0,2,1,0,2,1,0,2,1,0,2,1,0,2,1,0,2,1,0,2,1,0,2,1,0,2,1,0,2,1,0,2,1,0,2,1,0,2,1,0,2,1,0,2,1,0,2,1,0,2,1,0,2,1,0,2,1,0,2,1,0,2,1,0,2,1,0,2,1,0,2,1,0,2,1,0,2,1,0,2,1,0,2,1,0,2,1,0,2,1,0,2,1,0,2,1,0,2,1,0,2,1,0,2,1,0,2,1,0,2,1,0,2,1,0,2,1,0,2,1,0,2,1,0,2,1,0,2,1,0,2,1,0,2,1,0,2,1,0,2,1,0,2,1,0,2,1,0,2,1,0,2,1,0,2,1,0,2,1,0,2,1,0,2,1,0,2,1,0,2,1,0,2,1,0,2,1,0,2,1,0,2,1,0,2,1,0,2,1,0,2,1,0,2,1,0,2,1,0,2,1,0,2,1,0,2,1,0,2,1,0,2,1,0,2,1,0,2,1,0,2,1,0,2,1,0,2,1,0,2,1,0,2,1,0,2,1,0,2,1,0,2,1)_$C(0,2,1,0,2,1,0,2,1,0,2,1,0,2,1,0,2,1,0,2,1,0,2,1,0,2,1,0,2,1,0,2,1,0,2,1,0,2,1,0,2,1,0,2,1,0,2,1,0,2,1,0,2,1,0,2,1,0,2,1,0,2,1,0,2,1,0,2,1,0,2,1,0,2,1,0,2,1,0,2,1,0,2,1,0,2,1,0,2,1,0,2,1,0,2,1,0,2,1,0,2,1,0,2,1,0,2,1,0,2,1,0,2,1,0,2,1,0,2,1,0,2,1,0,2)_"1",9,"usr"_$C(0,0,0,0,0,9)_"lib"_$C(0,0,0,0,0,0),10,"nconfigassist.l"_$C(0,8),"         11","@tmp"_$C(0,0,0,0,0)_"@home",12,$C(0,0,0)_" var"_$C(0,0,0,0,0,0),13,".."_$C(0,0,0,0,0,0,3)_"lost+found")
Keysize : ##FILTERED##GTM_TEST_DEBUGINFO.*
^ZGBL(1,$C(0,2)_"."_$C(0,0,0,0,0,0,0,2),2,".."_$C(0,0,0,0,0,0,3)_"lost+found",3,-123456789.123456789,3,$C(0,0,0)_" var"_$C(0,0,0,0,0,0),4,"@tmp"_$C(0,0,0,0,0)_"@home",1234567899.87654321,5,"usr"_$C(0,0,0,0,0,9)_"lib"_$C(0,0,0,0,0,0),6,"usr"_$C(0,0,0,0,0,9)_"lib"_$C(0,0,0,0,0,0),987654321.987654321,7,-987654321.123456789,8,$C(1,0,2,1,0,2,1,0,2,1,0,2,1,0,2,1,0,2,1,0,2,1,0,2,1,0,2,1,0,2,1,0,2,1,0,2,1,0,2,1,0,2,1,0,2,1,0,2,1,0,2,1,0,2,1,0,2,1,0,2,1,0,2,1,0,2,1,0,2,1,0,2,1,0,2,1,0,2,1,0,2,1,0,2,1,0,2,1,0,2,1,0,2,1,0,2,1,0,2,1,0,2,1,0,2,1,0,2,1,0,2,1,0,2,1,0,2,1,0,2,1,0,2,1,0,2,1,0,2,1,0,2,1,0,2,1,0,2,1,0,2,1,0,2,1,0,2,1,0,2,1,0,2,1,0,2,1,0,2,1,0,2,1,0,2,1,0,2,1,0,2,1,0,2,1,0,2,1,0,2,1,0,2,1,0,2,1,0,2,1,0,2,1,0,2,1,0,2,1,0,2,1,0,2,1,0,2,1,0,2,1,0,2,1,0,2,1,0,2,1,0,2,1,0,2,1,0,2,1,0,2,1,0,2,1,0,2,1,0,2,1,0,2,1,0,2,1,0,2,1,0,2,1,0,2,1)_$C(0,2,1,0,2,1,0,2,1,0,2,1,0,2,1,0,2,1,0,2,1,0,2,1,0,2,1,0,2,1,0,2,1,0,2,1,0,2,1,0,2,1,0,2,1,0,2,1,0,2,1,0,2,1,0,2,1,0,2,1,0,2,1,0,2,1,0,2,1,0,2,1,0,2,1,0,2,1,0,2,1,0,2,1,0,2,1,0,2,1,0,2,1,0,2,1,0,2,1,0,2,1,0,2,1,0,2,1,0,2,1,0,2,1,0,2,1,0,2,1,0,2,1,0,2)_"1",9,"usr"_$C(0,0,0,0,0,9)_"lib"_$C(0,0,0,0,0,0),10,"nconfigassist.l"_$C(0,8),"         11","@tmp"_$C(0,0,0,0,0)_"@home",12,$C(0,0,0)_" var"_$C(0,0,0,0,0,0),13,".."_$C(0,0,0,0,0,0,3)_"lost+found")
Keysize : ##FILTERED##GTM_TEST_DEBUGINFO.*
^ZGBL(1,$C(0,2)_"."_$C(0,0,0,0,0,0,0,2),2,".."_$C(0,0,0,0,0,0,3)_"lost+found",3,-123456789.123456789,3,$C(0,0,0)_" var"_$C(0,0,0,0,0,0),4,"@tmp"_$C(0,0,0,0,0)_"@home",1234567899.87654321,5,"usr"_$C(0,0,0,0,0,9)_"lib"_$C(0,0,0,0,0,0),6,"usr"_$C(0,0,0,0,0,9)_"lib"_$C(0,0,0,0,0,0),987654321.987654321,7,-987654321.123456789,8,$C(1,0,2,1,0,2,1,0,2,1,0,2,1,0,2,1,0,2,1,0,2,1,0,2,1,0,2,1,0,2,1,0,2,1,0,2,1,0,2,1,0,2,1,0,2,1,0,2,1,0,2,1,0,2,1,0,2,1,0,2,1,0,2,1,0,2,1,0,2,1,0,2,1,0,2,1,0,2,1,0,2,1,0,2,1,0,2,1,0,2,1,0,2,1,0,2,1,0,2,1,0,2,1,0,2,1,0,2,1,0,2,1,0,2,1,0,2,1,0,2,1,0,2,1,0,2,1,0,2,1,0,2,1,0,2,1,0,2,1,0,2,1,0,2,1,0,2,1,0,2,1,0,2,1,0,2,1,0,2,1,0,2,1,0,2,1,0,2,1,0,2,1,0,2,1,0,2,1,0,2,1,0,2,1,0,2,1,0,2,1,0,2,1,0,2,1,0,2,1,0,2,1,0,2,1,0,2,1,0,2,1,0,2,1,0,2,1,0,2,1,0,2,1,0,2,1,0,2,1,0,2,1,0,2,1,0,2,1,0,2,1,0,2,1,0,2,1,0,2,1,0,2,1,0,2,1)_$C(0,2,1,0,2,1,0,2,1,0,2,1,0,2,1,0,2,1,0,2,1,0,2,1,0,2,1,0,2,1,0,2,1,0,2,1,0,2,1,0,2,1,0,2,1,0,2,1,0,2,1,0,2,1,0,2,1,0,2,1,0,2,1,0,2,1,0,2,1,0,2,1,0,2,1,0,2,1,0,2,1,0,2,1,0,2,1,0,2,1,0,2,1,0,2,1,0,2,1,0,2,1,0,2,1,0,2,1,0,2,1,0,2,1,0,2,1,0,2,1,0,2,1,0,2)_"1",9,"usr"_$C(0,0,0,0,0,9)_"lib"_$C(0,0,0,0,0,0),10,"nconfigassist.l"_$C(0,8),"         11","@tmp"_$C(0,0,0,0,0)_"@home",12,$C(0,0,0)_" var"_$C(0,0,0,0,0,0),13,".."_$C(0,0,0,0,0,0,3)_"lost+found")
Keysize : ##FILTERED##GTM_TEST_DEBUGINFO.*
^ZGBL(1,$C(0,2)_"."_$C(0,0,0,0,0,0,0,2),2,".."_$C(0,0,0,0,0,0,3)_"lost+found",3,-123456789.123456789,3,$C(0,0,0)_" var"_$C(0,0,0,0,0,0),4,"@tmp"_$C(0,0,0,0,0)_"@home",1234567899.87654321,5,"usr"_$C(0,0,0,0,0,9)_"lib"_$C(0,0,0,0,0,0),6,"usr"_$C(0,0,0,0,0,9)_"lib"_$C(0,0,0,0,0,0),987654321.987654321,7,-987654321.123456789,8,$C(1,0,2,1,0,2,1,0,2,1,0,2,1,0,2,1,0,2,1,0,2,1,0,2,1,0,2,1,0,2,1,0,2,1,0,2,1,0,2,1,0,2,1,0,2,1,0,2,1,0,2,1,0,2,1,0,2,1,0,2,1,0,2,1,0,2,1,0,2,1,0,2,1,0,2,1,0,2,1,0,2,1,0,2,1,0,2,1,0,2,1,0,2,1,0,2,1,0,2,1,0,2,1,0,2,1,0,2,1,0,2,1,0,2,1,0,2,1,0,2,1,0,2,1,0,2,1,0,2,1,0,2,1,0,2,1,0,2,1,0,2,1,0,2,1,0,2,1,0,2,1,0,2,1,0,2,1,0,2,1,0,2,1,0,2,1,0,2,1,0,2,1,0,2,1,0,2,1,0,2,1,0,2,1,0,2,1,0,2,1,0,2,1,0,2,1,0,2,1,0,2,1,0,2,1,0,2,1,0,2,1,0,2,1,0,2,1,0,2,1,0,2,1,0,2,1,0,2,1,0,2,1,0,2,1,0,2,1,0,2,1,0,2,1,0,2,1,0,2,1,0,2,1,0,2,1)_$C(0,2,1,0,2,1,0,2,1,0,2,1,0,2,1,0,2,1,0,2,1,0,2,1,0,2,1,0,2,1,0,2,1,0,2,1,0,2,1,0,2,1,0,2,1,0,2,1,0,2,1,0,2,1,0,2,1,0,2,1,0,2,1,0,2,1,0,2,1,0,2,1,0,2,1,0,2,1,0,2,1,0,2,1,0,2,1,0,2,1,0,2,1,0,2,1,0,2,1,0,2,1,0,2,1,0,2,1,0,2,1,0,2,1,0,2,1,0,2,1,0,2,1,0,2)_"1",9,"usr"_$C(0,0,0,0,0,9)_"lib"_$C(0,0,0,0,0,0),10,"nconfigassist.l"_$C(0,8),"         11","@tmp"_$C(0,0,0,0,0)_"@home",12,$C(0,0,0)_" var"_$C(0,0,0,0,0,0),13,".."_$C(0,0,0,0,0,0,3)_"lost+found")
Keysize : ##FILTERED##GTM_TEST_DEBUGINFO.*
^ZGBL(1,$C(0,2)_"."_$C(0,0,0,0,0,0,0,2),2,".."_$C(0,0,0,0,0,0,3)_"lost+found",3,-123456789.123456789,3,$C(0,0,0)_" var"_$C(0,0,0,0,0,0),4,"@tmp"_$C(0,0,0,0,0)_"@home",1234567899.87654321,5,"usr"_$C(0,0,0,0,0,9)_"lib"_$C(0,0,0,0,0,0),6,"usr"_$C(0,0,0,0,0,9)_"lib"_$C(0,0,0,0,0,0),987654321.987654321,7,-987654321.123456789,8,$C(1,0,2,1,0,2,1,0,2,1,0,2,1,0,2,1,0,2,1,0,2,1,0,2,1,0,2,1,0,2,1,0,2,1,0,2,1,0,2,1,0,2,1,0,2,1,0,2,1,0,2,1,0,2,1,0,2,1,0,2,1,0,2,1,0,2,1,0,2,1,0,2,1,0,2,1,0,2,1,0,2,1,0,2,1,0,2,1,0,2,1,0,2,1,0,2,1,0,2,1,0,2,1,0,2,1,0,2,1,0,2,1,0,2,1,0,2,1,0,2,1,0,2,1,0,2,1,0,2,1,0,2,1,0,2,1,0,2,1,0,2,1,0,2,1,0,2,1,0,2,1,0,2,1,0,2,1,0,2,1,0,2,1,0,2,1,0,2,1,0,2,1,0,2,1,0,2,1,0,2,1,0,2,1,0,2,1,0,2,1,0,2,1,0,2,1,0,2,1,0,2,1,0,2,1,0,2,1,0,2,1,0,2,1,0,2,1,0,2,1,0,2,1,0,2,1,0,2,1,0,2,1,0,2,1,0,2,1,0,2,1,0,2,1,0,2,1,0,2,1,0,2,1,0,2,1)_$C(0,2,1,0,2,1,0,2,1,0,2,1,0,2,1,0,2,1,0,2,1,0,2,1,0,2,1,0,2,1,0,2,1,0,2,1,0,2,1,0,2,1,0,2,1,0,2,1,0,2,1,0,2,1,0,2,1,0,2,1,0,2,1,0,2,1,0,2,1,0,2,1,0,2,1,0,2,1,0,2,1,0,2,1,0,2,1,0,2,1,0,2,1,0,2,1,0,2,1,0,2,1,0,2,1,0,2,1,0,2,1,0,2,1,0,2,1,0,2,1,0,2,1,0,2)_"1",9,"usr"_$C(0,0,0,0,0,9)_"lib"_$C(0,0,0,0,0,0),10,"nconfigassist.l"_$C(0,8),"         11","@tmp"_$C(0,0,0,0,0)_"@home",12,$C(0,0,0)_" var"_$C(0,0,0,0,0,0),13,".."_$C(0,0,0,0,0,0,3)_"lost+found")
Keysize : ##FILTERED##GTM_TEST_DEBUGINFO.*
^ZGBL(1,$C(0,2)_"."_$C(0,0,0,0,0,0,0,2),2,".."_$C(0,0,0,0,0,0,3)_"lost+found",3,-123456789.123456789,3,$C(0,0,0)_" var"_$C(0,0,0,0,0,0),4,"@tmp"_$C(0,0,0,0,0)_"@home",1234567899.87654321,5,"usr"_$C(0,0,0,0,0,9)_"lib"_$C(0,0,0,0,0,0),6,"usr"_$C(0,0,0,0,0,9)_"lib"_$C(0,0,0,0,0,0),987654321.987654321,7,-987654321.123456789,8,$C(1,0,2,1,0,2,1,0,2,1,0,2,1,0,2,1,0,2,1,0,2,1,0,2,1,0,2,1,0,2,1,0,2,1,0,2,1,0,2,1,0,2,1,0,2,1,0,2,1,0,2,1,0,2,1,0,2,1,0,2,1,0,2,1,0,2,1,0,2,1,0,2,1,0,2,1,0,2,1,0,2,1,0,2,1,0,2,1,0,2,1,0,2,1,0,2,1,0,2,1,0,2,1,0,2,1,0,2,1,0,2,1,0,2,1,0,2,1,0,2,1,0,2,1,0,2,1,0,2,1,0,2,1,0,2,1,0,2,1,0,2,1,0,2,1,0,2,1,0,2,1,0,2,1,0,2,1,0,2,1,0,2,1,0,2,1,0,2,1,0,2,1,0,2,1,0,2,1,0,2,1,0,2,1,0,2,1,0,2,1,0,2,1,0,2,1,0,2,1,0,2,1,0,2,1,0,2,1,0,2,1,0,2,1,0,2,1,0,2,1,0,2,1,0,2,1,0,2,1,0,2,1,0,2,1,0,2,1,0,2,1,0,2,1,0,2,1,0,2,1,0,2,1,0,2,1)_$C(0,2,1,0,2,1,0,2,1,0,2,1,0,2,1,0,2,1,0,2,1,0,2,1,0,2,1,0,2,1,0,2,1,0,2,1,0,2,1,0,2,1,0,2,1,0,2,1,0,2,1,0,2,1,0,2,1,0,2,1,0,2,1,0,2,1,0,2,1,0,2,1,0,2,1,0,2,1,0,2,1,0,2,1,0,2,1,0,2,1,0,2,1,0,2,1,0,2,1,0,2,1,0,2,1,0,2,1,0,2,1,0,2,1,0,2,1,0,2,1,0,2,1,0,2)_"1",9,"usr"_$C(0,0,0,0,0,9)_"lib"_$C(0,0,0,0,0,0),10,"nconfigassist.l"_$C(0,8),"         11","@tmp"_$C(0,0,0,0,0)_"@home",12,$C(0,0,0)_" var"_$C(0,0,0,0,0,0),13,".."_$C(0,0,0,0,0,0,3)_"lost+found")
Keysize : ##FILTERED##GTM_TEST_DEBUGINFO.*
^ZGBL(1,$C(0,2)_"."_$C(0,0,0,0,0,0,0,2),2,".."_$C(0,0,0,0,0,0,3)_"lost+found",3,-123456789.123456789,3,$C(0,0,0)_" var"_$C(0,0,0,0,0,0),4,"@tmp"_$C(0,0,0,0,0)_"@home",1234567899.87654321,5,"usr"_$C(0,0,0,0,0,9)_"lib"_$C(0,0,0,0,0,0),6,"usr"_$C(0,0,0,0,0,9)_"lib"_$C(0,0,0,0,0,0),987654321.987654321,7,-987654321.123456789,8,$C(1,0,2,1,0,2,1,0,2,1,0,2,1,0,2,1,0,2,1,0,2,1,0,2,1,0,2,1,0,2,1,0,2,1,0,2,1,0,2,1,0,2,1,0,2,1,0,2,1,0,2,1,0,2,1,0,2,1,0,2,1,0,2,1,0,2,1,0,2,1,0,2,1,0,2,1,0,2,1,0,2,1,0,2,1,0,2,1,0,2,1,0,2,1,0,2,1,0,2,1,0,2,1,0,2,1,0,2,1,0,2,1,0,2,1,0,2,1,0,2,1,0,2,1,0,2,1,0,2,1,0,2,1,0,2,1,0,2,1,0,2,1,0,2,1,0,2,1,0,2,1,0,2,1,0,2,1,0,2,1,0,2,1,0,2,1,0,2,1,0,2,1,0,2,1,0,2,1,0,2,1,0,2,1,0,2,1,0,2,1,0,2,1,0,2,1,0,2,1,0,2,1,0,2,1,0,2,1,0,2,1,0,2,1,0,2,1,0,2,1,0,2,1,0,2,1,0,2,1,0,2,1,0,2,1,0,2,1,0,2,1,0,2,1,0,2,1,0,2,1,0,2,1,0,2,1)_$C(0,2,1,0,2,1,0,2,1,0,2,1,0,2,1,0,2,1,0,2,1,0,2,1,0,2,1,0,2,1,0,2,1,0,2,1,0,2,1,0,2,1,0,2,1,0,2,1,0,2,1,0,2,1,0,2,1,0,2,1,0,2,1,0,2,1,0,2,1,0,2,1,0,2,1,0,2,1,0,2,1,0,2,1,0,2,1,0,2,1,0,2,1,0,2,1,0,2,1,0,2,1,0,2,1,0,2,1,0,2,1,0,2,1,0,2,1,0,2,1,0,2,1,0,2)_"1",9,"usr"_$C(0,0,0,0,0,9)_"lib"_$C(0,0,0,0,0,0),10,"nconfigassist.l"_$C(0,8),"         11","@tmp"_$C(0,0,0,0,0)_"@home",12,$C(0,0,0)_" var"_$C(0,0,0,0,0,0),13,".."_$C(0,0,0,0,0,0,3)_"lost+found")
Keysize : ##FILTERED##GTM_TEST_DEBUGINFO.*
^ZGBL(1,$C(0,2)_"."_$C(0,0,0,0,0,0,0,2),2,".."_$C(0,0,0,0,0,0,3)_"lost+found",3,-123456789.123456789,3,$C(0,0,0)_" var"_$C(0,0,0,0,0,0),4,"@tmp"_$C(0,0,0,0,0)_"@home",1234567899.87654321,5,"usr"_$C(0,0,0,0,0,9)_"lib"_$C(0,0,0,0,0,0),6,"usr"_$C(0,0,0,0,0,9)_"lib"_$C(0,0,0,0,0,0),987654321.987654321,7,-987654321.123456789,8,$C(1,0,2,1,0,2,1,0,2,1,0,2,1,0,2,1,0,2,1,0,2,1,0,2,1,0,2,1,0,2,1,0,2,1,0,2,1,0,2,1,0,2,1,0,2,1,0,2,1,0,2,1,0,2,1,0,2,1,0,2,1,0,2,1,0,2,1,0,2,1,0,2,1,0,2,1,0,2,1,0,2,1,0,2,1,0,2,1,0,2,1,0,2,1,0,2,1,0,2,1,0,2,1,0,2,1,0,2,1,0,2,1,0,2,1,0,2,1,0,2,1,0,2,1,0,2,1,0,2,1,0,2,1,0,2,1,0,2,1,0,2,1,0,2,1,0,2,1,0,2,1,0,2,1,0,2,1,0,2,1,0,2,1,0,2,1,0,2,1,0,2,1,0,2,1,0,2,1,0,2,1,0,2,1,0,2,1,0,2,1,0,2,1,0,2,1,0,2,1,0,2,1,0,2,1,0,2,1,0,2,1,0,2,1,0,2,1,0,2,1,0,2,1,0,2,1,0,2,1,0,2,1,0,2,1,0,2,1,0,2,1,0,2,1,0,2,1,0,2,1,0,2,1,0,2,1)_$C(0,2,1,0,2,1,0,2,1,0,2,1,0,2,1,0,2,1,0,2,1,0,2,1,0,2,1,0,2,1,0,2,1,0,2,1,0,2,1,0,2,1,0,2,1,0,2,1,0,2,1,0,2,1,0,2,1,0,2,1,0,2,1,0,2,1,0,2,1,0,2,1,0,2,1,0,2,1,0,2,1,0,2,1,0,2,1,0,2,1,0,2,1,0,2,1,0,2,1,0,2,1,0,2,1,0,2,1,0,2,1,0,2,1,0,2,1,0,2,1,0,2,1,0,2)_"1",9,"usr"_$C(0,0,0,0,0,9)_"lib"_$C(0,0,0,0,0,0),10,"nconfigassist.l"_$C(0,8),"         11","@tmp"_$C(0,0,0,0,0)_"@home",12,$C(0,0,0)_" var"_$C(0,0,0,0,0,0),13,".."_$C(0,0,0,0,0,0,3)_"lost+found")
Keysize : ##FILTERED##GTM_TEST_DEBUGINFO.*
^ZGBL(1,$C(0,2)_"."_$C(0,0,0,0,0,0,0,2),2,".."_$C(0,0,0,0,0,0,3)_"lost+found",3,-123456789.123456789,3,$C(0,0,0)_" var"_$C(0,0,0,0,0,0),4,"@tmp"_$C(0,0,0,0,0)_"@home",1234567899.87654321,5,"usr"_$C(0,0,0,0,0,9)_"lib"_$C(0,0,0,0,0,0),6,"usr"_$C(0,0,0,0,0,9)_"lib"_$C(0,0,0,0,0,0),987654321.987654321,7,-987654321.123456789,8,$C(1,0,2,1,0,2,1,0,2,1,0,2,1,0,2,1,0,2,1,0,2,1,0,2,1,0,2,1,0,2,1,0,2,1,0,2,1,0,2,1,0,2,1,0,2,1,0,2,1,0,2,1,0,2,1,0,2,1,0,2,1,0,2,1,0,2,1,0,2,1,0,2,1,0,2,1,0,2,1,0,2,1,0,2,1,0,2,1,0,2,1,0,2,1,0,2,1,0,2,1,0,2,1,0,2,1,0,2,1,0,2,1,0,2,1,0,2,1,0,2,1,0,2,1,0,2,1,0,2,1,0,2,1,0,2,1,0,2,1,0,2,1,0,2,1,0,2,1,0,2,1,0,2,1,0,2,1,0,2,1,0,2,1,0,2,1,0,2,1,0,2,1,0,2,1,0,2,1,0,2,1,0,2,1,0,2,1,0,2,1,0,2,1,0,2,1,0,2,1,0,2,1,0,2,1,0,2,1,0,2,1,0,2,1,0,2,1,0,2,1,0,2,1,0,2,1,0,2,1,0,2,1,0,2,1,0,2,1,0,2,1,0,2,1,0,2,1,0,2,1,0,2,1,0,2,1)_$C(0,2,1,0,2,1,0,2,1,0,2,1,0,2,1,0,2,1,0,2,1,0,2,1,0,2,1,0,2,1,0,2,1,0,2,1,0,2,1,0,2,1,0,2,1,0,2,1,0,2,1,0,2,1,0,2,1,0,2,1,0,2,1,0,2,1,0,2,1,0,2,1,0,2,1,0,2,1,0,2,1,0,2,1,0,2,1,0,2,1,0,2,1,0,2,1,0,2,1,0,2,1,0,2,1,0,2,1,0,2,1,0,2,1,0,2,1,0,2,1,0,2,1,0,2)_"1",9,"usr"_$C(0,0,0,0,0,9)_"lib"_$C(0,0,0,0,0,0),10,"nconfigassist.l"_$C(0,8),"         11","@tmp"_$C(0,0,0,0,0)_"@home",12,$C(0,0,0)_" var"_$C(0,0,0,0,0,0),13,".."_$C(0,0,0,0,0,0,3)_"lost+found")
Keysize : ##FILTERED##GTM_TEST_DEBUGINFO.*
^ZGBL(1,$C(0,2)_"."_$C(0,0,0,0,0,0,0,2),2,".."_$C(0,0,0,0,0,0,3)_"lost+found",3,-123456789.123456789,3,$C(0,0,0)_" var"_$C(0,0,0,0,0,0),4,"@tmp"_$C(0,0,0,0,0)_"@home",1234567899.87654321,5,"usr"_$C(0,0,0,0,0,9)_"lib"_$C(0,0,0,0,0,0),6,"usr"_$C(0,0,0,0,0,9)_"lib"_$C(0,0,0,0,0,0),987654321.987654321,7,-987654321.123456789,8,$C(1,0,2,1,0,2,1,0,2,1,0,2,1,0,2,1,0,2,1,0,2,1,0,2,1,0,2,1,0,2,1,0,2,1,0,2,1,0,2,1,0,2,1,0,2,1,0,2,1,0,2,1,0,2,1,0,2,1,0,2,1,0,2,1,0,2,1,0,2,1,0,2,1,0,2,1,0,2,1,0,2,1,0,2,1,0,2,1,0,2,1,0,2,1,0,2,1,0,2,1,0,2,1,0,2,1,0,2,1,0,2,1,0,2,1,0,2,1,0,2,1,0,2,1,0,2,1,0,2,1,0,2,1,0,2,1,0,2,1,0,2,1,0,2,1,0,2,1,0,2,1,0,2,1,0,2,1,0,2,1,0,2,1,0,2,1,0,2,1,0,2,1,0,2,1,0,2,1,0,2,1,0,2,1,0,2,1,0,2,1,0,2,1,0,2,1,0,2,1,0,2,1,0,2,1,0,2,1,0,2,1,0,2,1,0,2,1,0,2,1,0,2,1,0,2,1,0,2,1,0,2,1,0,2,1,0,2,1,0,2,1,0,2,1,0,2,1,0,2,1,0,2,1,0,2,1)_$C(0,2,1,0,2,1,0,2,1,0,2,1,0,2,1,0,2,1,0,2,1,0,2,1,0,2,1,0,2,1,0,2,1,0,2,1,0,2,1,0,2,1,0,2,1,0,2,1,0,2,1,0,2,1,0,2,1,0,2,1,0,2,1,0,2,1,0,2,1,0,2,1,0,2,1,0,2,1,0,2,1,0,2,1,0,2,1,0,2,1,0,2,1,0,2,1,0,2,1,0,2,1,0,2,1,0,2,1,0,2,1,0,2,1,0,2,1,0,2,1,0,2,1,0,2)_"1",9,"usr"_$C(0,0,0,0,0,9)_"lib"_$C(0,0,0,0,0,0),10,"nconfigassist.l"_$C(0,8),"         11","@tmp"_$C(0,0,0,0,0)_"@home",12,$C(0,0,0)_" var"_$C(0,0,0,0,0,0),13,".."_$C(0,0,0,0,0,0,3)_"lost+found")
Keysize : ##FILTERED##GTM_TEST_DEBUGINFO.*
^ZGBL(1,$C(0,2)_"."_$C(0,0,0,0,0,0,0,2),2,".."_$C(0,0,0,0,0,0,3)_"lost+found",3,-123456789.123456789,3,$C(0,0,0)_" var"_$C(0,0,0,0,0,0),4,"@tmp"_$C(0,0,0,0,0)_"@home",1234567899.87654321,5,"usr"_$C(0,0,0,0,0,9)_"lib"_$C(0,0,0,0,0,0),6,"usr"_$C(0,0,0,0,0,9)_"lib"_$C(0,0,0,0,0,0),987654321.987654321,7,-987654321.123456789,8,$C(1,0,2,1,0,2,1,0,2,1,0,2,1,0,2,1,0,2,1,0,2,1,0,2,1,0,2,1,0,2,1,0,2,1,0,2,1,0,2,1,0,2,1,0,2,1,0,2,1,0,2,1,0,2,1,0,2,1,0,2,1,0,2,1,0,2,1,0,2,1,0,2,1,0,2,1,0,2,1,0,2,1,0,2,1,0,2,1,0,2,1,0,2,1,0,2,1,0,2,1,0,2,1,0,2,1,0,2,1,0,2,1,0,2,1,0,2,1,0,2,1,0,2,1,0,2,1,0,2,1,0,2,1,0,2,1,0,2,1,0,2,1,0,2,1,0,2,1,0,2,1,0,2,1,0,2,1,0,2,1,0,2,1,0,2,1,0,2,1,0,2,1,0,2,1,0,2,1,0,2,1,0,2,1,0,2,1,0,2,1,0,2,1,0,2,1,0,2,1,0,2,1,0,2,1,0,2,1,0,2,1,0,2,1,0,2,1,0,2,1,0,2,1,0,2,1,0,2,1,0,2,1,0,2,1,0,2,1,0,2,1,0,2,1,0,2,1,0,2,1,0,2,1,0,2,1)_$C(0,2,1,0,2,1,0,2,1,0,2,1,0,2,1,0,2,1,0,2,1,0,2,1,0,2,1,0,2,1,0,2,1,0,2,1,0,2,1,0,2,1,0,2,1,0,2,1,0,2,1,0,2,1,0,2,1,0,2,1,0,2,1,0,2,1,0,2,1,0,2,1,0,2,1,0,2,1,0,2,1,0,2,1,0,2,1,0,2,1,0,2,1,0,2,1,0,2,1,0,2,1,0,2,1,0,2,1,0,2,1,0,2,1,0,2,1,0,2,1,0,2,1,0,2)_"1",9,"usr"_$C(0,0,0,0,0,9)_"lib"_$C(0,0,0,0,0,0),10,"nconfigassist.l"_$C(0,8),"         11","@tmp"_$C(0,0,0,0,0)_"@home",12,$C(0,0,0)_" var"_$C(0,0,0,0,0,0),13,".."_$C(0,0,0,0,0,0,3)_"lost+found")
Keysize : ##FILTERED##GTM_TEST_DEBUGINFO.*
^ZGBL(1,$C(0,2)_"."_$C(0,0,0,0,0,0,0,2),2,".."_$C(0,0,0,0,0,0,3)_"lost+found",3,-123456789.123456789,3,$C(0,0,0)_" var"_$C(0,0,0,0,0,0),4,"@tmp"_$C(0,0,0,0,0)_"@home",1234567899.87654321,5,"usr"_$C(0,0,0,0,0,9)_"lib"_$C(0,0,0,0,0,0),6,"usr"_$C(0,0,0,0,0,9)_"lib"_$C(0,0,0,0,0,0),987654321.987654321,7,-987654321.123456789,8,$C(1,0,2,1,0,2,1,0,2,1,0,2,1,0,2,1,0,2,1,0,2,1,0,2,1,0,2,1,0,2,1,0,2,1,0,2,1,0,2,1,0,2,1,0,2,1,0,2,1,0,2,1,0,2,1,0,2,1,0,2,1,0,2,1,0,2,1,0,2,1,0,2,1,0,2,1,0,2,1,0,2,1,0,2,1,0,2,1,0,2,1,0,2,1,0,2,1,0,2,1,0,2,1,0,2,1,0,2,1,0,2,1,0,2,1,0,2,1,0,2,1,0,2,1,0,2,1,0,2,1,0,2,1,0,2,1,0,2,1,0,2,1,0,2,1,0,2,1,0,2,1,0,2,1,0,2,1,0,2,1,0,2,1,0,2,1,0,2,1,0,2,1,0,2,1,0,2,1,0,2,1,0,2,1,0,2,1,0,2,1,0,2,1,0,2,1,0,2,1,0,2,1,0,2,1,0,2,1,0,2,1,0,2,1,0,2,1,0,2,1,0,2,1,0,2,1,0,2,1,0,2,1,0,2,1,0,2,1,0,2,1,0,2,1,0,2,1,0,2,1,0,2,1,0,2,1)_$C(0,2,1,0,2,1,0,2,1,0,2,1,0,2,1,0,2,1,0,2,1,0,2,1,0,2,1,0,2,1,0,2,1,0,2,1,0,2,1,0,2,1,0,2,1,0,2,1,0,2,1,0,2,1,0,2,1,0,2,1,0,2,1,0,2,1,0,2,1,0,2,1,0,2,1,0,2,1,0,2,1,0,2,1,0,2,1,0,2,1,0,2,1,0,2,1,0,2,1,0,2,1,0,2,1,0,2,1,0,2,1,0,2,1,0,2,1,0,2,1,0,2,1,0,2)_"1",9,"usr"_$C(0,0,0,0,0,9)_"lib"_$C(0,0,0,0,0,0),10,"nconfigassist.l"_$C(0,8),"         11","@tmp"_$C(0,0,0,0,0)_"@home",12,$C(0,0,0)_" var"_$C(0,0,0,0,0,0),13,".."_$C(0,0,0,0,0,0,3)_"lost+found")
Keysize : ##FILTERED##GTM_TEST_DEBUGINFO.*
^ZGBL(1,$C(0,2)_"."_$C(0,0,0,0,0,0,0,2),2,".."_$C(0,0,0,0,0,0,3)_"lost+found",3,-123456789.123456789,3,$C(0,0,0)_" var"_$C(0,0,0,0,0,0),4,"@tmp"_$C(0,0,0,0,0)_"@home",1234567899.87654321,5,"usr"_$C(0,0,0,0,0,9)_"lib"_$C(0,0,0,0,0,0),6,"usr"_$C(0,0,0,0,0,9)_"lib"_$C(0,0,0,0,0,0),987654321.987654321,7,-987654321.123456789,8,$C(1,0,2,1,0,2,1,0,2,1,0,2,1,0,2,1,0,2,1,0,2,1,0,2,1,0,2,1,0,2,1,0,2,1,0,2,1,0,2,1,0,2,1,0,2,1,0,2,1,0,2,1,0,2,1,0,2,1,0,2,1,0,2,1,0,2,1,0,2,1,0,2,1,0,2,1,0,2,1,0,2,1,0,2,1,0,2,1,0,2,1,0,2,1,0,2,1,0,2,1,0,2,1,0,2,1,0,2,1,0,2,1,0,2,1,0,2,1,0,2,1,0,2,1,0,2,1,0,2,1,0,2,1,0,2,1,0,2,1,0,2,1,0,2,1,0,2,1,0,2,1,0,2,1,0,2,1,0,2,1,0,2,1,0,2,1,0,2,1,0,2,1,0,2,1,0,2,1,0,2,1,0,2,1,0,2,1,0,2,1,0,2,1,0,2,1,0,2,1,0,2,1,0,2,1,0,2,1,0,2,1,0,2,1,0,2,1,0,2,1,0,2,1,0,2,1,0,2,1,0,2,1,0,2,1,0,2,1,0,2,1,0,2,1,0,2,1,0,2,1,0,2,1,0,2,1)_$C(0,2,1,0,2,1,0,2,1,0,2,1,0,2,1,0,2,1,0,2,1,0,2,1,0,2,1,0,2,1,0,2,1,0,2,1,0,2,1,0,2,1,0,2,1,0,2,1,0,2,1,0,2,1,0,2,1,0,2,1,0,2,1,0,2,1,0,2,1,0,2,1,0,2,1,0,2,1,0,2,1,0,2,1,0,2,1,0,2,1,0,2,1,0,2,1,0,2,1,0,2,1,0,2,1,0,2,1,0,2,1,0,2,1,0,2,1,0,2,1,0,2,1,0,2)_"1",9,"usr"_$C(0,0,0,0,0,9)_"lib"_$C(0,0,0,0,0,0),10,"nconfigassist.l"_$C(0,8),"         11","@tmp"_$C(0,0,0,0,0)_"@home",12,$C(0,0,0)_" var"_$C(0,0,0,0,0,0),13,".."_$C(0,0,0,0,0,0,3)_"lost+found")
##SOURCE_PATH##/mupip
##SOURCE_PATH##/mupip integ -REG *
No errors detected by integ.
